0 0.454688 0.585185 0.435417 0.409259 
2 0.255729 0.416667 0.120833 0.125926 
2 0.061979 0.381481 0.127083 0.118519 
2 0.000000 0.455556 0.089063 0.109259 
2 0.186979 0.427778 0.038542 0.075926 
2 0.220312 0.412963 0.033333 0.074074 
2 0.382812 0.431481 0.050000 0.074074 
2 0.449479 0.431481 0.046875 0.072222 
2 0.896354 0.494444 0.103646 0.088889 
2 0.800521 0.481481 0.103125 0.072222 
2 0.751563 0.464815 0.140625 0.075926 
4 0.389062 0.322222 0.014583 0.037037 
3 0.414062 0.320370 0.010417 0.044444 
3 0.369271 0.320370 0.011458 0.035185 
0 0.089063 0.820370 0.273958 0.177778 
4 0.511979 0.359259 0.013542 0.092593 
2 0.933854 0.388889 0.066146 0.131481 
1 0.390104 0.455556 0.016667 0.079630 
1 0.427604 0.453704 0.027083 0.116667 
1 0.478646 0.451852 0.017708 0.072222 
1 0.507812 0.459259 0.011458 0.062963 
1 0.563021 0.468519 0.007292 0.033333 
1 0.577604 0.455556 0.012500 0.061111 
1 0.601562 0.455556 0.017708 0.096296 
1 0.639062 0.453704 0.014583 0.072222 
1 0.660937 0.459259 0.030208 0.077778 
1 0.617188 0.514815 0.109375 0.353704 
1 0.917708 0.457407 0.082292 0.542593 
1 0.495312 0.459259 0.091667 0.298148 
1 0.000521 0.544444 0.138542 0.455556 
0 0.110937 0.505556 0.132292 0.035185 
