0 0.484896 0.533333 0.458333 0.466667 
0 0.143229 0.811111 0.228125 0.185185 
2 0.002604 0.312963 0.290625 0.272222 
2 0.291146 0.455556 0.026042 0.035185 
2 0.338021 0.455556 0.021875 0.027778 
2 0.369271 0.433333 0.053125 0.074074 
2 0.436979 0.444444 0.030208 0.042593 
2 0.468750 0.444444 0.017708 0.038889 
2 0.750521 0.464815 0.106250 0.062963 
2 0.803125 0.472222 0.129167 0.081481 
2 0.902604 0.485185 0.079167 0.074074 
1 0.003646 0.509259 0.108333 0.237037 
1 0.536979 0.542593 0.125000 0.372222 
1 0.961979 0.505556 0.026042 0.283333 
1 0.975521 0.461111 0.024479 0.150000 
1 0.645312 0.464815 0.015625 0.075926 
1 0.711979 0.464815 0.020833 0.062963 
1 0.620313 0.453704 0.020833 0.075926 
1 0.575000 0.453704 0.017708 0.072222 
1 0.556250 0.457407 0.015625 0.057407 
1 0.533854 0.466667 0.015625 0.055556 
1 0.506771 0.457407 0.014583 0.057407 
1 0.481250 0.464815 0.013542 0.042593 
1 0.435937 0.455556 0.023958 0.064815 
1 0.405729 0.461111 0.020833 0.053704 
3 0.370312 0.322222 0.008333 0.038889 
3 0.417187 0.325926 0.007292 0.033333 
3 0.391146 0.322222 0.011458 0.037037 
3 0.507812 0.361111 0.018750 0.050000 
3 0.511979 0.414815 0.015625 0.040741 
0 0.313021 0.509259 0.092708 0.037037 
