0 0.451042 0.540741 0.447917 0.459259 
0 0.144271 0.820370 0.276042 0.179630 
2 0.122396 0.351852 0.205208 0.207407 
2 0.384896 0.424074 0.050000 0.079630 
2 0.002604 0.459259 0.096875 0.087037 
2 0.060937 0.379630 0.057292 0.109259 
2 0.440104 0.440741 0.029167 0.042593 
2 0.475521 0.438889 0.014583 0.038889 
2 0.761979 0.450000 0.089583 0.087037 
2 0.805729 0.474074 0.105208 0.077778 
2 0.890625 0.483333 0.091667 0.075926 
1 0.000521 0.522222 0.115625 0.427778 
1 0.545312 0.555556 0.130208 0.335185 
1 0.952604 0.527778 0.033333 0.327778 
1 0.973437 0.457407 0.026562 0.350000 
1 0.646354 0.466667 0.018750 0.072222 
1 0.621354 0.461111 0.017708 0.077778 
1 0.576562 0.461111 0.015625 0.044444 
1 0.563021 0.461111 0.009375 0.055556 
1 0.534375 0.461111 0.015625 0.051852 
1 0.510938 0.455556 0.012500 0.059259 
1 0.485417 0.461111 0.012500 0.055556 
1 0.443229 0.462963 0.014583 0.062963 
1 0.412500 0.464815 0.020833 0.046296 
3 0.368229 0.311111 0.013542 0.050000 
3 0.417187 0.318519 0.008333 0.046296 
4 0.391146 0.320370 0.011458 0.037037 
4 0.514062 0.362963 0.012500 0.038889 
4 0.516146 0.411111 0.010417 0.038889 
0 0.343229 0.500000 0.070833 0.044444 
