0 0.663021 0.564815 0.243750 0.424074 
0 0.166146 0.811111 0.303125 0.185185 
2 0.024479 0.461111 0.109375 0.090741 
2 0.176563 0.457407 0.104167 0.101852 
2 0.129688 0.448148 0.052083 0.079630 
2 0.060937 0.364815 0.131250 0.120370 
2 0.193229 0.400000 0.065625 0.068519 
2 0.271354 0.446296 0.031250 0.033333 
2 0.315104 0.455556 0.036458 0.038889 
2 0.351562 0.440741 0.021875 0.051852 
2 0.382812 0.453704 0.028125 0.025926 
2 0.424479 0.446296 0.027083 0.040741 
2 0.440104 0.420370 0.036458 0.055556 
2 0.471354 0.433333 0.018750 0.029630 
2 0.489063 0.427778 0.013542 0.033333 
2 0.755729 0.451852 0.092708 0.070370 
2 0.804167 0.462963 0.117708 0.068519 
2 0.902083 0.457407 0.077083 0.077778 
1 0.000000 0.542593 0.142187 0.446296 
1 0.497396 0.472222 0.058333 0.150000 
1 0.569271 0.529630 0.085417 0.264815 
1 0.959896 0.435185 0.038542 0.512963 
1 0.642188 0.438889 0.014583 0.077778 
1 0.668229 0.446296 0.014583 0.074074 
1 0.685417 0.450000 0.007292 0.066667 
1 0.706771 0.444444 0.012500 0.042593 
1 0.747396 0.450000 0.019792 0.042593 
1 0.581771 0.444444 0.015625 0.057407 
1 0.563021 0.444444 0.013542 0.051852 
3 0.372396 0.311111 0.015625 0.037037 
3 0.421354 0.305556 0.009375 0.046296 
4 0.394271 0.311111 0.012500 0.038889 
4 0.516146 0.346296 0.015625 0.051852 
4 0.518229 0.403704 0.012500 0.031481 
0 0.294271 0.498148 0.185417 0.031481 
