0 0.125521 0.820370 0.364583 0.170370 
0 0.672396 0.725926 0.235417 0.253704 
2 0.066146 0.366667 0.126042 0.137037 
2 0.145313 0.450000 0.027083 0.044444 
2 0.159896 0.461111 0.077083 0.079630 
2 0.198437 0.405556 0.073958 0.077778 
2 0.253125 0.438889 0.029167 0.033333 
2 0.261979 0.459259 0.072917 0.072222 
2 0.346354 0.425926 0.030208 0.033333 
2 0.345313 0.451852 0.035417 0.042593 
2 0.398438 0.446296 0.020833 0.037037 
2 0.430729 0.442593 0.026042 0.040741 
2 0.446354 0.431481 0.030208 0.037037 
2 0.477604 0.433333 0.013542 0.033333 
2 0.767188 0.431481 0.082292 0.092593 
2 0.798438 0.462963 0.104167 0.061111 
2 0.888021 0.464815 0.091667 0.074074 
1 0.002604 0.531481 0.126042 0.466667 
1 0.567187 0.548148 0.086458 0.274074 
1 0.649479 0.455556 0.070833 0.248148 
1 0.970313 0.433333 0.029687 0.394444 
1 0.726562 0.450000 0.021875 0.038889 
1 0.489063 0.457407 0.012500 0.046296 
1 0.513021 0.448148 0.013542 0.066667 
1 0.538021 0.448148 0.011458 0.068519 
1 0.561979 0.448148 0.013542 0.061111 
1 0.579688 0.438889 0.012500 0.068519 
3 0.370312 0.307407 0.011458 0.044444 
4 0.417708 0.307407 0.007292 0.040741 
3 0.395313 0.307407 0.008333 0.042593 
4 0.518229 0.348148 0.009375 0.051852 
4 0.521354 0.407407 0.007292 0.027778 
0 0.377604 0.492593 0.104167 0.031481 
