0 0.513021 0.511111 0.411458 0.474074 
0 0.147396 0.807407 0.240625 0.183333 
2 0.067708 0.370370 0.092708 0.120370 
2 0.150521 0.442593 0.026042 0.051852 
2 0.181771 0.442593 0.056250 0.066667 
2 0.192188 0.398148 0.080208 0.079630 
2 0.269271 0.442593 0.047917 0.061111 
2 0.309896 0.435185 0.023958 0.044444 
2 0.354687 0.437037 0.046875 0.057407 
2 0.411979 0.438889 0.012500 0.037037 
2 0.430729 0.438889 0.013542 0.033333 
2 0.445312 0.440741 0.016667 0.029630 
2 0.460938 0.438889 0.015625 0.029630 
2 0.472396 0.429630 0.013542 0.038889 
2 0.485938 0.425926 0.013542 0.029630 
2 0.911979 0.457407 0.084375 0.094444 
2 0.804688 0.450000 0.109375 0.087037 
2 0.770312 0.425926 0.084375 0.090741 
1 0.001563 0.542593 0.132292 0.457407 
1 0.002604 0.450000 0.036458 0.046296 
1 0.542188 0.505556 0.127083 0.279630 
1 0.483854 0.450000 0.023958 0.042593 
1 0.514062 0.440741 0.012500 0.055556 
1 0.565104 0.438889 0.014583 0.062963 
1 0.584896 0.438889 0.012500 0.057407 
1 0.538021 0.437037 0.020833 0.066667 
1 0.643229 0.435185 0.010417 0.070370 
3 0.375521 0.303704 0.010417 0.044444 
3 0.424479 0.303704 0.006250 0.040741 
3 0.520312 0.412963 0.015625 0.012963 
4 0.400521 0.303704 0.009375 0.040741 
0 0.332813 0.488889 0.144792 0.025926 
