0 0.638021 0.520370 0.205208 0.464815 
0 0.132812 0.801852 0.233333 0.192593 
2 0.001563 0.037037 0.276042 0.711111 
2 0.271354 0.438889 0.066667 0.077778 
2 0.354687 0.438889 0.029167 0.031481 
2 0.386979 0.438889 0.034375 0.040741 
2 0.427604 0.431481 0.021875 0.048148 
2 0.459896 0.435185 0.009375 0.018519 
2 0.478646 0.424074 0.015625 0.020370 
2 0.767188 0.422222 0.086458 0.087037 
2 0.797396 0.442593 0.101042 0.072222 
2 0.897396 0.461111 0.045833 0.064815 
1 0.005729 0.540741 0.129167 0.451852 
1 0.547396 0.538889 0.130208 0.305556 
1 0.927604 0.418519 0.072396 0.581481 
1 0.638542 0.431481 0.014583 0.051852 
1 0.690104 0.427778 0.014583 0.046296 
1 0.718229 0.433333 0.012500 0.033333 
1 0.576562 0.424074 0.021875 0.053704 
1 0.560937 0.427778 0.012500 0.046296 
1 0.529687 0.433333 0.019792 0.064815 
1 0.511979 0.433333 0.012500 0.051852 
1 0.483854 0.438889 0.015625 0.050000 
3 0.369271 0.285185 0.009375 0.050000 
3 0.514062 0.337037 0.010417 0.025926 
3 0.515104 0.396296 0.014583 0.022222 
4 0.394271 0.294444 0.008333 0.038889 
4 0.418229 0.294444 0.009375 0.042593 
0 0.355729 0.483333 0.122917 0.027778 
