0 0.653646 0.611111 0.209375 0.350000 
0 0.152604 0.794444 0.188542 0.203704 
2 0.000521 0.375926 0.345833 0.333333 
2 0.301563 0.418519 0.043750 0.061111 
2 0.063021 0.346296 0.133333 0.072222 
2 0.373958 0.416667 0.022917 0.053704 
2 0.349479 0.424074 0.025000 0.038889 
2 0.415104 0.420370 0.021875 0.037037 
2 0.448437 0.420370 0.013542 0.029630 
2 0.556771 0.272222 0.320833 0.303704 
2 0.886979 0.437037 0.039583 0.085185 
1 0.000000 0.527778 0.132812 0.462963 
1 0.541146 0.520370 0.105208 0.266667 
1 0.914062 0.392593 0.085938 0.587037 
1 0.485938 0.416667 0.015625 0.068519 
1 0.506771 0.405556 0.015625 0.068519 
1 0.530729 0.422222 0.012500 0.061111 
3 0.369271 0.277778 0.006250 0.042593 
3 0.511979 0.320370 0.010417 0.031481 
3 0.514062 0.387037 0.011458 0.016667 
4 0.392188 0.283333 0.009375 0.042593 
4 0.417187 0.283333 0.007292 0.037037 
0 0.360938 0.462963 0.122917 0.035185 
