0 0.630729 0.501852 0.211458 0.429630 
0 0.166146 0.781481 0.192708 0.216667 
2 0.051562 0.351852 0.105208 0.118519 
2 0.141146 0.425926 0.031250 0.053704 
2 0.135937 0.407407 0.351042 0.261111 
2 0.429688 0.429630 0.019792 0.031481 
2 0.457813 0.416667 0.012500 0.031481 
2 0.690104 0.294444 0.307292 0.275926 
1 0.001563 0.522222 0.108333 0.475926 
1 0.000521 0.424074 0.020833 0.061111 
1 0.547396 0.494444 0.093750 0.307407 
1 0.897396 0.392593 0.098958 0.607407 
1 0.485938 0.411111 0.019792 0.062963 
1 0.555729 0.418519 0.015625 0.053704 
1 0.576562 0.411111 0.008333 0.070370 
1 0.507812 0.425926 0.014583 0.061111 
1 0.530729 0.424074 0.013542 0.066667 
1 0.639062 0.425926 0.014583 0.059259 
3 0.368229 0.281481 0.011458 0.040741 
3 0.515104 0.325926 0.008333 0.020370 
3 0.515104 0.387037 0.013542 0.020370 
4 0.391146 0.283333 0.010417 0.042593 
4 0.416146 0.285185 0.009375 0.035185 
