2 0.487500 0.424074 0.237500 0.183333 
2 0.000000 0.474074 0.372396 0.312963 
2 0.800521 0.431481 0.104167 0.066667 
2 0.758854 0.433333 0.066667 0.062963 
2 0.054688 0.355556 0.137500 0.111111 
2 0.133854 0.437037 0.055208 0.037037 
2 0.188021 0.429630 0.041667 0.038889 
2 0.180729 0.394444 0.105208 0.079630 
2 0.271354 0.422222 0.041667 0.048148 
2 0.371354 0.424074 0.020833 0.027778 
2 0.442188 0.431481 0.020833 0.024074 
2 0.413021 0.429630 0.014583 0.022222 
1 0.522917 0.529630 0.133333 0.418519 
1 0.896354 0.425926 0.100000 0.551852 
1 0.000000 0.548148 0.115104 0.433333 
4 0.388021 0.311111 0.012500 0.014815 
4 0.413542 0.314815 0.012500 0.018519 
0 0.420312 0.518519 0.548958 0.455556 
