2 0.190104 0.461111 0.357292 0.272222 
2 0.631771 0.411111 0.232292 0.174074 
2 0.059375 0.366667 0.128125 0.092593 
2 0.136458 0.429630 0.048958 0.044444 
2 0.308854 0.431481 0.033333 0.042593 
2 0.388021 0.429630 0.014583 0.025926 
2 0.413021 0.424074 0.012500 0.027778 
2 0.454688 0.433333 0.017708 0.018519 
2 0.426563 0.433333 0.011458 0.014815 
2 0.890104 0.466667 0.056250 0.059259 
2 0.826562 0.418519 0.090625 0.092593 
1 0.529687 0.518519 0.120833 0.459259 
1 0.904687 0.425926 0.095312 0.561111 
1 0.000000 0.518519 0.117188 0.470370 
4 0.392188 0.312963 0.008333 0.012963 
