2 0.413021 0.459259 0.284375 0.203704 
2 0.063021 0.355556 0.126042 0.122222 
2 0.138021 0.440741 0.054167 0.040741 
2 0.184896 0.385185 0.061458 0.083333 
2 0.188021 0.437037 0.045833 0.046296 
2 0.335938 0.433333 0.035417 0.033333 
2 0.429688 0.429630 0.016667 0.018519 
2 0.789583 0.422222 0.210417 0.137037 
2 0.400521 0.425926 0.012500 0.029630 
2 0.752604 0.437037 0.064583 0.062963 
1 0.521354 0.540741 0.141667 0.433333 
1 0.910937 0.422222 0.083333 0.566667 
1 0.000521 0.535185 0.112500 0.457407 
4 0.392188 0.311111 0.008333 0.018519 
4 0.415104 0.314815 0.010417 0.018519 
0 0.427083 0.492593 0.502083 0.507407 
