2 0.404687 0.481481 0.279167 0.187037 
2 0.933854 0.466667 0.063542 0.112963 
2 0.941667 0.359259 0.051042 0.122222 
2 0.796354 0.446296 0.105208 0.072222 
2 0.883854 0.466667 0.079167 0.066667 
2 0.748437 0.451852 0.060417 0.044444 
2 0.150000 0.437037 0.087500 0.074074 
2 0.385417 0.440741 0.023958 0.025926 
2 0.056771 0.362963 0.129167 0.122222 
1 0.004687 0.520370 0.120833 0.479630 
1 0.516667 0.522222 0.145833 0.455556 
4 0.387500 0.318519 0.012500 0.011111 
4 0.408333 0.316667 0.013542 0.016667 
0 0.395833 0.546296 0.597917 0.448148 
