2 0.337500 0.451852 0.321875 0.255556 
2 0.745833 0.425926 0.226042 0.166667 
2 0.937500 0.351852 0.058333 0.155556 
2 0.141667 0.433333 0.083333 0.096296 
2 0.305208 0.444444 0.052083 0.040741 
2 0.052083 0.366667 0.131250 0.127778 
2 0.408333 0.437037 0.018750 0.025926 
2 0.192708 0.403704 0.071875 0.068519 
1 0.002083 0.522222 0.128125 0.470370 
1 0.522917 0.559259 0.132292 0.409259 
0 0.410417 0.516667 0.589583 0.464815 
4 0.387500 0.322222 0.012500 0.014815 
4 0.413542 0.316667 0.008333 0.020370 
