1 0.517708 0.559259 0.151042 0.416667 
1 0.001042 0.559259 0.123958 0.440741 
4 0.400000 0.325926 0.008333 0.025926 
4 0.417708 0.322222 0.015625 0.029630 
2 0.803125 0.433333 0.111458 0.103704 
2 0.595833 0.477778 0.237500 0.170370 
2 0.316667 0.440741 0.037500 0.046296 
2 0.354167 0.440741 0.025000 0.044444 
2 0.425000 0.440741 0.018750 0.037037 
2 0.193750 0.455556 0.043750 0.046296 
2 0.006250 0.451852 0.147917 0.107407 
2 0.064583 0.375926 0.150000 0.116667 
2 0.147917 0.450000 0.056250 0.051852 
2 0.195833 0.405556 0.083333 0.088889 
2 0.900000 0.457407 0.093750 0.079630 
0 0.395833 0.466667 0.600000 0.524074 
