1 0.526042 0.551852 0.136458 0.422222 
1 0.000000 0.585185 0.117708 0.407407 
2 0.235417 0.448148 0.068750 0.074074 
2 0.062500 0.375926 0.137500 0.131481 
2 0.145833 0.444444 0.051042 0.057407 
2 0.370833 0.440741 0.029167 0.044444 
2 0.441667 0.448148 0.012500 0.016667 
2 0.808333 0.457407 0.104167 0.075926 
2 0.887500 0.459259 0.109375 0.096296 
2 0.750000 0.451852 0.129167 0.070370 
4 0.393750 0.325926 0.012500 0.025926 
4 0.413542 0.331481 0.017708 0.027778 
0 0.402083 0.462963 0.593750 0.522222 
2 0.189583 0.396296 0.097917 0.103704 
