1 0.533333 0.538889 0.137500 0.420370 
1 0.200000 0.470370 0.081250 0.207407 
1 0.000000 0.551852 0.114583 0.444444 
2 0.796875 0.451852 0.133333 0.088889 
2 0.896875 0.435185 0.098958 0.124074 
2 0.385417 0.444444 0.036458 0.033333 
2 0.745833 0.435185 0.095833 0.079630 
2 0.180208 0.396296 0.095833 0.092593 
2 0.060417 0.366667 0.139583 0.148148 
2 0.287500 0.440741 0.055208 0.075926 
2 0.446875 0.440741 0.019792 0.022222 
0 0.404167 0.448148 0.587500 0.548148 
4 0.396875 0.322222 0.017708 0.022222 
4 0.416667 0.325926 0.016667 0.025926 
