4 0.525000 0.511111 0.141667 0.470370 
4 0.283333 0.448148 0.041667 0.127778 
4 0.000000 0.544444 0.116667 0.438889 
2 0.020833 0.566667 0.183333 0.262963 
2 0.804167 0.442593 0.129167 0.074074 
2 0.872917 0.440741 0.120833 0.096296 
2 0.916667 0.470370 0.020833 0.007407 
2 0.763542 0.440741 0.086458 0.074074 
2 0.057292 0.351852 0.146875 0.150000 
2 0.139583 0.433333 0.048958 0.059259 
2 0.179167 0.390741 0.083333 0.087037 
2 0.329167 0.440741 0.041667 0.053704 
2 0.410417 0.440741 0.018750 0.016667 
2 0.452083 0.440741 0.014583 0.018519 
4 0.389583 0.314815 0.022917 0.025926 
4 0.416667 0.322222 0.014583 0.018519 
0 0.395833 0.485185 0.591667 0.503704 
