2 0.041667 0.474074 0.404167 0.294444 
2 0.812500 0.420370 0.104167 0.101852 
2 0.904167 0.433333 0.095833 0.096296 
2 0.758333 0.440741 0.091667 0.068519 
2 0.191667 0.388889 0.070833 0.081481 
2 0.350000 0.427778 0.035417 0.050000 
2 0.420833 0.435185 0.022917 0.022222 
2 0.066667 0.351852 0.129167 0.137037 
2 0.145833 0.440741 0.054167 0.059259 
1 0.541667 0.537037 0.126042 0.437037 
1 0.000000 0.544444 0.102083 0.446296 
0 0.420833 0.457407 0.568750 0.542593 
4 0.395833 0.314815 0.010417 0.022222 
4 0.414583 0.316667 0.018750 0.027778 
