2 0.747917 0.455556 0.044792 0.046296 
2 0.761458 0.438889 0.071875 0.077778 
2 0.794792 0.444444 0.126042 0.088889 
2 0.896875 0.450000 0.095833 0.090741 
2 0.066667 0.438889 0.079167 0.053704 
2 0.025000 0.431481 0.037500 0.051852 
2 0.151042 0.431481 0.031250 0.048148 
2 0.193750 0.431481 0.029167 0.051852 
2 0.220833 0.440741 0.034375 0.038889 
2 0.310417 0.431481 0.030208 0.024074 
2 0.268750 0.431481 0.029167 0.029630 
1 0.427083 0.433333 0.017708 0.050000 
1 0.589583 0.455556 0.017708 0.027778 
1 0.036458 0.438889 0.014583 0.061111 
1 0.259375 0.433333 0.018750 0.057407 
1 0.146875 0.500000 0.259375 0.477778 
0 0.498958 0.512963 0.247917 0.451852 
3 0.400000 0.296296 0.005208 0.038889 
3 0.423958 0.300000 0.005208 0.033333 
3 0.519792 0.333333 0.009375 0.053704 
0 0.293750 0.485185 0.132292 0.020370 
