3 0.398958 0.298148 0.006250 0.035185 
3 0.423958 0.301852 0.006250 0.035185 
3 0.518750 0.338889 0.009375 0.050000 
1 0.156250 0.512963 0.277083 0.457407 
1 0.005208 0.400000 0.047917 0.248148 
1 0.207292 0.438889 0.009375 0.057407 
1 0.238542 0.437037 0.017708 0.059259 
1 0.115625 0.422222 0.015625 0.075926 
1 0.057292 0.435185 0.017708 0.070370 
1 0.591667 0.433333 0.015625 0.044444 
0 0.516667 0.531481 0.270833 0.444444 
2 0.744792 0.450000 0.051042 0.037037 
2 0.770833 0.440741 0.107292 0.051852 
2 0.805208 0.455556 0.121875 0.074074 
2 0.894792 0.453704 0.087500 0.083333 
2 0.142708 0.433333 0.063542 0.059259 
2 0.205208 0.427778 0.033333 0.051852 
2 0.306250 0.429630 0.022917 0.025926 
2 0.466667 0.440741 0.020833 0.040741 
0 0.279167 0.487037 0.175000 0.016667 
