0 0.511458 0.531481 0.290625 0.431481 
3 0.398958 0.294444 0.006250 0.033333 
3 0.423958 0.296296 0.006250 0.033333 
3 0.521875 0.337037 0.007292 0.048148 
2 0.278125 0.431481 0.061458 0.051852 
2 0.743750 0.446296 0.065625 0.046296 
2 0.770833 0.431481 0.098958 0.079630 
2 0.795833 0.440741 0.139583 0.081481 
2 0.895833 0.446296 0.100000 0.094444 
2 0.005208 0.431481 0.023958 0.046296 
2 0.017708 0.422222 0.046875 0.061111 
2 0.147917 0.425926 0.051042 0.057407 
2 0.206250 0.440741 0.033333 0.037037 
2 0.238542 0.420370 0.037500 0.040741 
1 0.155208 0.505556 0.247917 0.470370 
1 0.115625 0.409259 0.060417 0.246296 
1 0.060417 0.412963 0.023958 0.083333 
1 0.101042 0.433333 0.022917 0.061111 
1 0.244792 0.444444 0.021875 0.046296 
1 0.447917 0.433333 0.011458 0.022222 
1 0.580208 0.437037 0.015625 0.048148 
2 0.464583 0.438889 0.025000 0.040741 
0 0.296875 0.483333 0.161458 0.020370 
