2 0.748958 0.435185 0.067708 0.061111 
2 0.771875 0.437037 0.105208 0.074074 
2 0.808333 0.435185 0.122917 0.083333 
2 0.901042 0.444444 0.091667 0.087037 
2 0.004167 0.425926 0.027083 0.044444 
2 0.023958 0.420370 0.048958 0.051852 
2 0.145833 0.422222 0.052083 0.050000 
2 0.194792 0.418519 0.053125 0.055556 
2 0.366667 0.425926 0.026042 0.042593 
2 0.466667 0.437037 0.022917 0.037037 
0 0.515625 0.529630 0.294792 0.437037 
3 0.380208 0.285185 0.005208 0.031481 
3 0.403125 0.287037 0.005208 0.033333 
3 0.426042 0.287037 0.006250 0.031481 
3 0.526042 0.327778 0.007292 0.044444 
1 0.151042 0.509259 0.276042 0.466667 
1 0.335417 0.398148 0.043750 0.164815 
1 0.306250 0.431481 0.015625 0.051852 
1 0.176042 0.425926 0.012500 0.061111 
1 0.120833 0.418519 0.022917 0.066667 
0 0.023958 0.477778 0.091667 0.012963 
0 0.225000 0.475926 0.073958 0.014815 
0 0.400000 0.475926 0.061458 0.016667 
