2 0.002083 0.425926 0.027083 0.044444 
2 0.025000 0.422222 0.053125 0.051852 
2 0.147917 0.425926 0.054167 0.046296 
2 0.205208 0.429630 0.040625 0.042593 
2 0.390625 0.435185 0.025000 0.024074 
2 0.471875 0.433333 0.028125 0.044444 
2 0.751042 0.442593 0.060417 0.044444 
2 0.767708 0.451852 0.069792 0.055556 
2 0.810417 0.442593 0.126042 0.074074 
2 0.892708 0.448148 0.101042 0.083333 
0 0.551042 0.562963 0.278125 0.411111 
3 0.379167 0.288889 0.008333 0.031481 
3 0.403125 0.288889 0.006250 0.035185 
3 0.427083 0.292593 0.007292 0.031481 
3 0.523958 0.329630 0.008333 0.046296 
1 0.471875 0.405556 0.073958 0.281481 
1 0.337500 0.427778 0.019792 0.061111 
1 0.214583 0.427778 0.018750 0.064815 
1 0.071875 0.422222 0.018750 0.062963 
1 0.148958 0.553704 0.263542 0.422222 
0 0.107292 0.479630 0.092708 0.018519 
0 0.260417 0.481481 0.066667 0.011111 
0 0.392708 0.477778 0.066667 0.016667 
