1 0.044792 0.424074 0.025000 0.068519 
1 0.238542 0.429630 0.012500 0.062963 
1 0.354167 0.427778 0.019792 0.059259 
1 0.505208 0.431481 0.011458 0.053704 
1 0.566667 0.401852 0.067708 0.300000 
1 0.154167 0.562963 0.256250 0.414815 
0 0.510417 0.720370 0.422917 0.205556 
3 0.382292 0.292593 0.004167 0.031481 
3 0.404167 0.292593 0.006250 0.035185 
4 0.429167 0.294444 0.006250 0.037037 
2 0.002083 0.427778 0.031250 0.055556 
2 0.028125 0.425926 0.047917 0.046296 
2 0.148958 0.429630 0.050000 0.044444 
2 0.195833 0.429630 0.057292 0.046296 
2 0.405208 0.435185 0.019792 0.025926 
2 0.470833 0.431481 0.028125 0.044444 
2 0.747917 0.437037 0.057292 0.055556 
2 0.772917 0.437037 0.087500 0.068519 
2 0.807292 0.438889 0.120833 0.074074 
2 0.905208 0.442593 0.087500 0.083333 
0 0.095833 0.485185 0.119792 0.016667 
0 0.281250 0.483333 0.063542 0.012963 
0 0.388542 0.483333 0.070833 0.014815 
3 0.525000 0.333333 0.008333 0.050000 
