3 0.383333 0.292593 0.005208 0.037037 
3 0.404167 0.294444 0.006250 0.035185 
3 0.528125 0.338889 0.004167 0.042593 
4 0.430208 0.296296 0.004167 0.035185 
1 0.029167 0.427778 0.013542 0.066667 
1 0.255208 0.435185 0.017708 0.057407 
1 0.371875 0.431481 0.013542 0.055556 
1 0.503125 0.435185 0.013542 0.051852 
1 0.535417 0.429630 0.015625 0.037037 
1 0.654167 0.412963 0.089583 0.314815 
1 0.165625 0.587037 0.252083 0.390741 
2 0.748958 0.440741 0.057292 0.048148 
2 0.766667 0.438889 0.072917 0.066667 
2 0.811458 0.451852 0.101042 0.072222 
2 0.902083 0.453704 0.092708 0.075926 
2 0.418750 0.435185 0.017708 0.024074 
2 0.472917 0.437037 0.026042 0.037037 
2 0.005208 0.429630 0.031250 0.044444 
2 0.036458 0.433333 0.043750 0.040741 
2 0.150000 0.433333 0.055208 0.044444 
2 0.201042 0.425926 0.046875 0.051852 
0 0.547917 0.738889 0.413542 0.198148 
0 0.076042 0.488889 0.159375 0.012963 
0 0.300000 0.488889 0.170833 0.011111 
