2 0.002083 0.429630 0.036458 0.048148 
2 0.026042 0.431481 0.053125 0.048148 
2 0.148958 0.433333 0.054167 0.046296 
2 0.196875 0.427778 0.056250 0.053704 
2 0.431250 0.431481 0.019792 0.031481 
2 0.470833 0.442593 0.026042 0.038889 
2 0.748958 0.435185 0.112500 0.070370 
2 0.790625 0.457407 0.064583 0.062963 
2 0.914583 0.455556 0.078125 0.079630 
3 0.382292 0.296296 0.008333 0.033333 
3 0.403125 0.294444 0.009375 0.037037 
3 0.526042 0.335185 0.008333 0.048148 
4 0.428125 0.298148 0.007292 0.037037 
1 0.294792 0.435185 0.013542 0.059259 
1 0.394792 0.431481 0.013542 0.055556 
1 0.167708 0.600000 0.261458 0.372222 
1 0.838542 0.425926 0.080208 0.314815 
0 0.509375 0.566667 0.265625 0.403704 
0 0.013542 0.487037 0.257292 0.020370 
0 0.330208 0.483333 0.159375 0.020370 
