0 0.007292 0.487037 0.291667 0.018519 
0 0.341667 0.485185 0.151042 0.016667 
0 0.508333 0.542593 0.288542 0.431481 
3 0.382292 0.298148 0.005208 0.031481 
3 0.403125 0.296296 0.006250 0.035185 
3 0.526042 0.335185 0.007292 0.048148 
4 0.429167 0.298148 0.005208 0.037037 
2 0.004167 0.431481 0.030208 0.048148 
2 0.026042 0.429630 0.054167 0.046296 
2 0.150000 0.425926 0.051042 0.057407 
2 0.200000 0.431481 0.050000 0.050000 
2 0.438542 0.435185 0.018750 0.020370 
2 0.469792 0.444444 0.028125 0.038889 
2 0.708333 0.455556 0.016667 0.051852 
2 0.721875 0.468519 0.031250 0.038889 
2 0.751042 0.442593 0.132292 0.083333 
2 0.901042 0.461111 0.050000 0.062963 
1 0.163542 0.596296 0.256250 0.375926 
1 0.947917 0.420370 0.043750 0.335185 
1 0.309375 0.437037 0.015625 0.059259 
1 0.404167 0.431481 0.011458 0.053704 
1 0.501042 0.438889 0.014583 0.042593 
