1 0.159375 0.590741 0.265625 0.390741 
1 0.326042 0.435185 0.018750 0.061111 
1 0.409375 0.433333 0.016667 0.061111 
1 0.503125 0.437037 0.011458 0.050000 
1 0.486458 0.437037 0.009375 0.046296 
1 0.595833 0.453704 0.007292 0.035185 
0 0.526042 0.540741 0.321875 0.435185 
0 0.011458 0.488889 0.293750 0.014815 
0 0.365625 0.487037 0.038542 0.014815 
0 0.440625 0.487037 0.038542 0.020370 
3 0.381250 0.296296 0.006250 0.033333 
3 0.402083 0.294444 0.006250 0.037037 
3 0.522917 0.338889 0.008333 0.046296 
4 0.427083 0.298148 0.006250 0.037037 
2 0.003125 0.431481 0.031250 0.042593 
2 0.028125 0.429630 0.047917 0.053704 
2 0.150000 0.427778 0.051042 0.051852 
2 0.193750 0.433333 0.052083 0.046296 
2 0.444792 0.435185 0.015625 0.022222 
2 0.469792 0.442593 0.028125 0.042593 
2 0.641667 0.459259 0.055208 0.046296 
2 0.677083 0.444444 0.143750 0.085185 
2 0.886458 0.448148 0.105208 0.096296 
