2 0.001042 0.431481 0.027083 0.042593 
2 0.022917 0.427778 0.055208 0.051852 
2 0.145833 0.438889 0.051042 0.040741 
2 0.200000 0.433333 0.050000 0.050000 
2 0.451042 0.438889 0.013542 0.016667 
2 0.470833 0.446296 0.021875 0.037037 
2 0.573958 0.438889 0.130208 0.098148 
2 0.710417 0.440741 0.065625 0.066667 
2 0.844792 0.450000 0.146875 0.094444 
1 0.346875 0.435185 0.011458 0.055556 
1 0.422917 0.437037 0.009375 0.051852 
1 0.503125 0.444444 0.010417 0.044444 
1 0.555208 0.435185 0.009375 0.031481 
1 0.160417 0.609259 0.264583 0.364815 
0 0.509375 0.559259 0.288542 0.403704 
0 0.004167 0.487037 0.317708 0.016667 
3 0.380208 0.296296 0.006250 0.031481 
3 0.403125 0.298148 0.006250 0.033333 
4 0.426042 0.300000 0.007292 0.035185 
3 0.523958 0.340741 0.007292 0.046296 
