4 0.429167 0.296296 0.005208 0.037037 
3 0.526042 0.338889 0.007292 0.044444 
3 0.383333 0.296296 0.006250 0.033333 
3 0.404167 0.296296 0.007292 0.033333 
0 0.517708 0.583333 0.414583 0.350000 
2 0.002083 0.424074 0.028125 0.051852 
2 0.025000 0.429630 0.050000 0.048148 
2 0.151042 0.431481 0.047917 0.042593 
2 0.200000 0.425926 0.031250 0.046296 
2 0.178125 0.429630 0.177083 0.116667 
2 0.394792 0.446296 0.069792 0.053704 
2 0.436458 0.433333 0.132292 0.085185 
2 0.571875 0.448148 0.064583 0.051852 
2 0.595833 0.444444 0.166667 0.111111 
2 0.759375 0.455556 0.066667 0.068519 
1 0.150000 0.592593 0.273958 0.392593 
1 0.395833 0.435185 0.013542 0.033333 
2 0.985417 0.468519 0.009375 0.068519 
