0 0.000000 0.801852 0.183333 0.190741 
0 0.412500 0.490741 0.585417 0.492593 
0 0.362500 0.481481 0.065625 0.014815 
0 0.000000 0.481481 0.128125 0.022222 
3 0.379167 0.292593 0.004167 0.008333 
3 0.400521 0.293519 0.005208 0.010185 
3 0.521875 0.337037 0.006771 0.009259 
3 0.523958 0.381481 0.005208 0.008333 
3 0.523958 0.400926 0.005208 0.010185 
4 0.423958 0.319444 0.005729 0.007407 
2 0.542708 0.462963 0.281250 0.205556 
2 0.945833 0.446296 0.054167 0.066667 
2 0.688542 0.424074 0.153125 0.114815 
2 0.426042 0.429630 0.132812 0.082407 
2 0.406771 0.434259 0.020833 0.022222 
2 0.372396 0.437037 0.036458 0.043519 
2 0.153646 0.439815 0.213021 0.111111 
2 0.283333 0.400000 0.048438 0.043519 
2 0.234375 0.419444 0.041667 0.021296 
2 0.115625 0.437037 0.135417 0.092593 
2 0.145833 0.432407 0.049479 0.035185 
2 0.192188 0.388889 0.071354 0.056481 
2 0.068750 0.354630 0.123958 0.115741 
2 0.021354 0.427778 0.051042 0.043519 
2 0.000000 0.427778 0.036979 0.042593 
1 0.539062 0.431481 0.007292 0.014815 
1 0.447917 0.437037 0.010417 0.024074 
1 0.110417 0.601852 0.304167 0.398148 
