0 0.462500 0.494444 0.534375 0.501852 
0 0.038542 0.783333 0.116667 0.200000 
0 0.000000 0.471296 0.082812 0.012963 
0 0.377083 0.470370 0.019792 0.009259 
3 0.378125 0.281481 0.005208 0.011111 
3 0.401042 0.282407 0.005729 0.010185 
3 0.522917 0.325000 0.007292 0.013889 
3 0.524479 0.370370 0.005208 0.011111 
3 0.524479 0.392593 0.005208 0.010185 
4 0.425000 0.309259 0.004687 0.008333 
2 0.652604 0.423148 0.127083 0.083333 
2 0.538021 0.434259 0.100521 0.065741 
2 0.392188 0.424074 0.128646 0.085185 
2 0.397917 0.427778 0.026562 0.028704 
2 0.435417 0.421296 0.014063 0.013889 
2 0.290104 0.428704 0.093229 0.087963 
2 0.286979 0.392593 0.043750 0.037037 
2 0.191667 0.383333 0.050521 0.023148 
2 0.087500 0.404630 0.217188 0.140741 
2 0.069271 0.411111 0.105208 0.077778 
2 0.069271 0.343519 0.124479 0.115741 
2 0.020833 0.415741 0.057292 0.042593 
2 0.000521 0.414815 0.037500 0.044444 
1 0.575000 0.423148 0.006250 0.020370 
1 0.629687 0.426852 0.007812 0.024074 
1 0.647917 0.431481 0.010417 0.029630 
1 0.536979 0.421296 0.008333 0.028704 
1 0.514583 0.424074 0.008333 0.040741 
1 0.508333 0.425000 0.005729 0.022222 
1 0.501563 0.422222 0.004687 0.012037 
1 0.496354 0.423148 0.004167 0.008333 
1 0.153125 0.605556 0.263542 0.385185 
