0 0.002083 0.793519 0.151562 0.203704 
0 0.425000 0.542593 0.571354 0.446296 
0 0.326042 0.487037 0.169792 0.019444 
0 0.000000 0.488889 0.092188 0.013889 
3 0.386458 0.302778 0.005729 0.009259 
3 0.408333 0.304630 0.005729 0.009259 
4 0.433333 0.328704 0.005729 0.008333 
2 0.489583 0.264815 0.509375 0.362963 
2 0.461979 0.444444 0.014583 0.016667 
2 0.409375 0.442593 0.028646 0.042593 
2 0.292708 0.408333 0.046875 0.051852 
2 0.391146 0.427778 0.020313 0.017593 
2 0.340625 0.425926 0.026042 0.025926 
2 0.348958 0.441667 0.014583 0.016667 
2 0.134896 0.430556 0.204687 0.128704 
2 0.204167 0.399074 0.075521 0.046296 
2 0.154167 0.438889 0.051562 0.039815 
2 0.079687 0.361111 0.123958 0.114815 
2 0.032813 0.436111 0.050000 0.048148 
2 0.000521 0.432407 0.046354 0.042593 
1 0.091146 0.437037 0.051562 0.122222 
1 0.489583 0.445370 0.008854 0.037963 
1 0.107292 0.590741 0.312500 0.407407 
