0 0.431250 0.498148 0.568750 0.501852 
0 0.001042 0.812963 0.177083 0.183333 
0 0.208333 0.490741 0.303646 0.010185 
0 0.148438 0.487963 0.020313 0.010185 
3 0.385417 0.300926 0.005729 0.007407 
3 0.407813 0.301852 0.005208 0.009259 
3 0.528125 0.344444 0.008854 0.012963 
3 0.531250 0.389815 0.004687 0.008333 
3 0.531250 0.408333 0.005208 0.010185 
2 0.704167 0.308333 0.295833 0.314815 
2 0.464062 0.440741 0.011979 0.015741 
2 0.415625 0.442593 0.028125 0.031481 
2 0.385937 0.425926 0.021875 0.018519 
2 0.345833 0.437037 0.015625 0.015741 
2 0.338021 0.423148 0.023958 0.019444 
2 0.293750 0.407407 0.044792 0.046296 
2 0.282292 0.439815 0.027083 0.024074 
2 0.243750 0.426852 0.039583 0.038889 
2 0.202083 0.437037 0.051042 0.039815 
2 0.200521 0.398148 0.049479 0.042593 
2 0.152604 0.432407 0.053125 0.040741 
2 0.081250 0.358333 0.121354 0.112037 
2 0.000000 0.425926 0.152083 0.112037 
2 0.000000 0.464815 0.280208 0.317593 
1 0.658333 0.450000 0.011458 0.046296 
1 0.576042 0.450000 0.014063 0.043519 
1 0.573958 0.436111 0.006250 0.036111 
1 0.563542 0.437037 0.007812 0.039815 
1 0.559375 0.445370 0.004167 0.034259 
1 0.545312 0.440741 0.008333 0.050000 
1 0.537500 0.443519 0.006771 0.047222 
1 0.510938 0.443519 0.009896 0.050926 
1 0.497396 0.446296 0.009375 0.044444 
1 0.488021 0.444444 0.008333 0.043519 
1 0.510417 0.440741 0.005208 0.012963 
1 0.526042 0.455556 0.005208 0.019444 
1 0.165625 0.437963 0.047917 0.086111 
1 0.117708 0.591667 0.302604 0.406481 
