     0/299     4.34G      3.46      6.15      3.79      13.4       240       448    0.0778    0.0263    0.0167    0.0262       3.2      4.49      3.26
     1/299     4.34G      2.96      5.01      3.01        11       218       448      0.17    0.0752    0.0603    0.0818      2.85      3.87      2.59
     2/299     4.34G       2.8      4.51      2.59       9.9       283       448     0.227     0.127     0.101     0.135      2.69       3.5      2.24
     3/299     4.34G      2.69      4.13      2.32      9.14       259       448     0.282     0.174     0.145     0.186      2.56      3.18      1.95
     4/299     4.34G      2.61      3.81      2.15      8.56       165       448     0.301     0.204     0.176     0.222      2.47      2.93      1.79
     5/299     4.34G      2.56      3.53      2.04      8.12       233       448     0.341     0.224     0.197     0.245      2.42      2.71      1.68
     6/299     4.34G      2.52      3.39      1.96      7.88       191       448     0.349     0.241     0.212     0.262      2.38       2.7      1.62
     7/299     4.34G      2.49      3.38      1.91      7.79       226       448     0.345     0.255     0.224     0.273      2.35      2.68      1.57
     8/299     4.34G      2.48      3.36      1.87      7.71       144       448     0.352     0.268     0.232     0.284      2.33      2.66      1.54
     9/299     4.34G      2.46      3.35      1.83      7.65       192       448     0.351     0.272     0.238     0.288      2.32      2.65      1.52
    10/299     4.34G      2.45      3.34      1.81      7.59       163       448     0.356     0.276     0.242     0.293      2.31      2.65       1.5
    11/299     4.34G      2.44      3.32      1.78      7.54       141       448     0.358     0.278     0.246     0.295       2.3      2.64      1.49
    12/299     4.34G      2.43      3.31      1.77       7.5       185       448     0.365      0.28      0.25     0.299       2.3      2.64      1.48
    13/299     4.34G      2.42      3.32      1.74      7.48       181       448     0.373     0.282     0.254     0.303      2.29      2.63      1.47
    14/299     4.34G      2.41       3.3      1.73      7.45       202       448     0.378     0.283     0.257     0.305      2.28      2.63      1.45
    15/299     4.34G       2.4      3.31      1.72      7.43       230       448     0.384     0.284      0.26     0.309      2.27      2.62      1.44
    16/299     4.34G       2.4       3.3       1.7       7.4       185       448     0.392     0.286     0.265     0.313      2.27      2.62      1.43
    17/299     4.34G       2.4      3.29      1.69      7.37       175       448      0.41     0.287     0.267     0.316      2.26      2.61      1.42
    18/299     4.34G      2.39      3.28      1.69      7.36       218       448     0.413     0.289      0.27     0.318      2.26      2.61      1.41
    19/299     4.34G      2.38      3.28      1.67      7.33       283       448     0.417     0.289     0.273     0.318      2.25       2.6       1.4
    20/299     4.34G      2.38      3.28      1.66      7.32       164       448     0.421      0.29     0.275     0.321      2.25       2.6      1.39
    21/299     4.34G      2.38      3.27      1.66       7.3       231       448     0.425     0.293     0.278     0.325      2.24      2.59      1.38
    22/299     4.34G      2.37      3.27      1.64      7.29       271       448     0.427     0.295     0.281     0.327      2.23      2.59      1.38
    23/299     4.34G      2.37      3.26      1.64      7.28       188       448     0.428     0.297     0.284     0.328      2.23      2.58      1.37
    24/299     4.34G      2.36      3.27      1.63      7.26       276       448     0.431     0.299     0.286     0.331      2.22      2.58      1.36
    25/299     4.34G      2.36      3.27      1.63      7.26       167       448     0.436     0.302     0.289     0.334      2.22      2.58      1.35
    26/299     4.34G      2.36      3.26      1.62      7.24       268       448     0.435     0.304     0.291     0.336      2.22      2.57      1.34
    27/299     4.34G      2.36      3.25      1.62      7.23       184       448     0.436     0.306     0.293     0.338      2.21      2.57      1.33
    28/299     4.34G      2.35      3.26      1.61      7.23       190       448     0.433     0.308     0.296     0.339      2.21      2.56      1.32
    29/299     4.34G      2.35      3.25      1.61      7.21       146       448     0.431     0.311     0.297     0.342       2.2      2.56      1.31
    30/299     4.34G      2.35      3.25      1.61      7.21       291       448     0.426     0.314     0.299     0.343       2.2      2.56      1.31
    31/299     4.34G      2.35      3.25       1.6       7.2       266       448     0.425     0.316       0.3     0.345      2.19      2.55       1.3
    32/299     4.34G      2.35      3.25       1.6      7.19       191       448     0.426     0.319     0.302     0.347      2.19      2.55       1.3
    33/299     4.34G      2.34      3.24      1.59      7.18       237       448     0.425     0.321     0.303     0.347      2.19      2.55      1.29
    34/299     4.34G      2.34      3.24      1.59      7.17       193       448     0.429     0.325     0.305     0.351      2.18      2.55      1.29
    35/299     4.34G      2.34      3.24      1.59      7.17       268       448     0.424     0.327     0.306     0.351      2.18      2.54      1.28
    36/299     4.34G      2.34      3.24      1.58      7.15       173       448     0.424      0.33     0.308     0.353      2.18      2.54      1.27
    37/299     4.34G      2.33      3.24      1.58      7.15       262       448     0.427     0.333      0.31     0.356      2.17      2.54      1.27
    38/299     4.34G      2.33      3.23      1.57      7.14       190       448     0.414     0.335     0.311     0.357      2.17      2.54      1.26
    39/299     4.34G      2.33      3.23      1.57      7.14       233       448     0.413     0.337     0.312     0.358      2.17      2.53      1.26
    40/299     4.34G      2.33      3.23      1.57      7.13       282       448     0.414     0.338     0.313     0.358      2.17      2.53      1.26
    41/299     4.34G      2.33      3.23      1.57      7.12       195       448     0.412      0.34     0.315     0.358      2.16      2.53      1.25
    42/299     4.34G      2.32      3.23      1.57      7.12       237       448     0.414     0.342     0.316      0.36      2.16      2.53      1.25
    43/299     4.34G      2.32      3.23      1.57      7.12       152       448     0.416     0.345     0.317     0.361      2.16      2.53      1.24
    44/299     4.34G      2.32      3.23      1.56      7.11       242       448     0.416     0.345     0.319     0.362      2.16      2.53      1.24
    45/299     4.34G      2.32      3.24      1.56      7.12       266       448     0.415     0.347     0.319     0.363      2.16      2.52      1.24
    46/299     4.34G      2.32      3.23      1.55       7.1       232       448     0.415     0.348     0.321     0.364      2.15      2.52      1.24
    47/299     4.34G      2.32      3.23      1.55      7.09       149       448     0.417      0.35     0.322     0.366      2.15      2.52      1.23
    48/299     4.34G      2.32      3.23      1.55      7.09       240       448     0.416     0.351     0.323     0.367      2.15      2.52      1.23
    49/299     4.34G      2.32      3.23      1.55      7.09       176       448     0.414     0.351     0.323     0.366      2.15      2.52      1.23
    50/299     4.34G      2.32      3.23      1.55      7.09       235       448     0.415     0.353     0.324     0.368      2.15      2.52      1.23
    51/299     4.34G      2.31      3.22      1.55      7.08       257       448     0.413     0.353     0.325     0.367      2.15      2.51      1.22
    52/299     4.34G      2.31      3.23      1.54      7.08       260       448     0.411     0.355     0.326     0.368      2.15      2.51      1.22
    53/299     4.34G      2.31      3.22      1.54      7.07       264       448      0.41     0.356     0.327     0.368      2.14      2.51      1.22
    54/299     4.34G      2.31      3.22      1.54      7.07       249       448     0.409     0.355     0.327     0.367      2.14      2.51      1.22
    55/299     4.34G      2.31      3.22      1.54      7.07       220       448     0.413     0.357     0.328     0.369      2.14      2.51      1.21
    56/299     4.34G      2.31      3.21      1.53      7.05       208       448     0.413     0.357     0.329     0.369      2.14      2.51      1.21
    57/299     4.34G      2.31      3.22      1.53      7.06       185       448     0.415     0.358      0.33     0.371      2.14      2.51      1.21
    58/299     4.34G       2.3      3.22      1.53      7.05       236       448     0.412     0.359      0.33     0.371      2.14      2.51      1.21
    59/299     4.34G       2.3      3.21      1.53      7.04       165       448     0.411      0.36     0.331      0.37      2.14      2.51      1.21
    60/299     4.34G       2.3      3.23      1.53      7.06       154       448     0.411      0.36     0.332     0.371      2.14      2.51       1.2
    61/299     4.34G       2.3      3.22      1.52      7.05       179       448     0.411     0.361     0.332     0.371      2.14       2.5       1.2
    62/299     4.34G       2.3      3.21      1.52      7.03       260       448     0.412     0.362     0.333     0.372      2.13       2.5       1.2
    63/299     4.34G       2.3      3.21      1.52      7.02       221       448      0.41     0.363     0.333     0.371      2.13       2.5       1.2
    64/299     4.34G       2.3       3.2      1.52      7.02       231       448     0.409     0.363     0.333     0.372      2.13       2.5      1.19
    65/299     4.34G       2.3       3.2      1.52      7.02       164       448      0.41     0.364     0.334     0.373      2.13       2.5      1.19
    66/299     4.34G       2.3      3.21      1.51      7.02       251       448      0.41     0.365     0.334     0.373      2.13       2.5      1.19
    67/299     4.34G      2.29      3.21      1.52      7.02       243       448      0.41     0.366     0.334     0.374      2.13       2.5      1.19
    68/299     4.34G      2.29      3.21      1.51      7.02       298       448      0.41     0.366     0.335     0.374      2.13       2.5      1.19
    69/299     4.34G      2.29      3.21      1.51      7.02       174       448     0.409     0.366     0.335     0.374      2.13       2.5      1.19
    70/299     4.34G      2.29      3.21      1.51      7.01       199       448     0.409     0.367     0.335     0.374      2.13       2.5      1.18
    71/299     4.34G      2.29      3.21      1.51      7.01       179       448      0.41     0.368     0.336     0.375      2.13       2.5      1.18
    72/299     4.34G      2.29      3.21      1.51         7       202       448     0.411     0.368     0.336     0.376      2.12       2.5      1.18
    73/299     4.34G      2.29      3.21       1.5      6.99       183       448     0.413      0.37     0.336     0.377      2.12       2.5      1.18
    74/299     4.34G      2.28       3.2       1.5      6.99       145       448     0.412     0.369     0.337     0.377      2.12       2.5      1.18
    75/299     4.34G      2.29      3.19       1.5      6.98       210       448      0.41     0.371     0.337     0.377      2.12       2.5      1.18
    76/299     4.34G      2.28       3.2       1.5      6.98       213       448     0.408     0.371     0.337     0.376      2.12       2.5      1.18
    77/299     4.34G      2.28       3.2       1.5      6.98       248       448     0.408     0.371     0.337     0.376      2.12       2.5      1.18
    78/299     4.34G      2.28      3.19      1.49      6.97       151       448     0.408     0.372     0.338     0.377      2.12       2.5      1.17
    79/299     4.34G      2.28       3.2       1.5      6.98       170       448     0.407     0.373     0.339     0.378      2.12      2.49      1.17
    80/299     4.34G      2.28      3.19      1.49      6.96       121       448     0.408     0.373     0.339     0.378      2.12      2.49      1.17
    81/299     4.34G      2.28       3.2      1.49      6.97       194       448     0.408     0.373     0.341     0.378      2.12      2.49      1.17
    82/299     4.34G      2.27       3.2      1.49      6.96       227       448     0.407     0.373     0.341     0.378      2.12      2.49      1.17
    83/299     4.34G      2.28      3.19      1.49      6.96       197       448     0.406     0.373     0.341     0.377      2.12      2.49      1.17
    84/299     4.34G      2.28       3.2      1.49      6.96       263       448     0.407     0.375     0.342     0.378      2.12      2.49      1.17
    85/299     4.34G      2.27       3.2      1.49      6.96       212       448     0.408     0.376     0.342      0.38      2.11      2.49      1.16
    86/299     4.34G      2.27       3.2      1.48      6.96       266       448     0.409     0.377     0.343      0.38      2.11      2.49      1.16
    87/299     4.34G      2.27       3.2      1.48      6.95       172       448     0.408     0.377     0.343      0.38      2.11      2.49      1.16
    88/299     4.34G      2.27      3.19      1.48      6.94       208       448     0.409     0.378     0.343     0.381      2.11      2.49      1.16
    89/299     4.34G      2.27      3.19      1.48      6.94       178       448      0.41     0.378     0.343     0.381      2.11      2.49      1.16
    90/299     4.34G      2.27       3.2      1.48      6.95       303       448     0.409     0.379     0.343     0.382      2.11      2.49      1.16
    91/299     4.34G      2.27      3.19      1.48      6.94       250       448     0.409      0.38     0.344     0.382      2.11      2.49      1.16
    92/299     4.34G      2.26       3.2      1.48      6.94       232       448     0.408      0.38     0.343     0.382      2.11      2.49      1.16
    93/299     4.34G      2.27       3.2      1.48      6.95       265       448     0.406      0.38     0.343     0.382      2.11      2.49      1.16
    94/299     4.34G      2.26       3.2      1.47      6.93       155       448     0.405     0.381     0.344     0.381      2.11      2.49      1.16
    95/299     4.34G      2.26      3.19      1.47      6.93       211       448     0.405     0.381     0.344     0.381      2.11      2.49      1.16
    96/299     4.34G      2.26       3.2      1.47      6.93       226       448     0.404      0.38     0.344     0.381      2.11      2.49      1.15
    97/299     4.34G      2.26      3.19      1.47      6.92       233       448     0.409     0.382     0.345     0.384      2.11      2.49      1.15
    98/299     4.34G      2.26      3.19      1.47      6.92       264       448     0.409     0.382     0.345     0.384      2.11      2.49      1.15
    99/299     4.34G      2.26      3.18      1.46      6.91       210       448     0.408     0.382     0.346     0.383      2.11      2.48      1.15
   100/299     4.34G      2.26      3.18      1.47      6.91       217       448     0.408     0.382     0.346     0.383      2.11      2.48      1.15
   101/299     4.34G      2.26      3.19      1.47      6.92       236       448     0.407     0.383     0.346     0.383      2.11      2.48      1.15
   102/299     4.34G      2.26      3.19      1.46      6.91       205       448     0.407     0.383     0.347     0.383       2.1      2.48      1.15
   103/299     4.34G      2.25      3.19      1.46       6.9       175       448     0.407     0.383     0.347     0.383       2.1      2.48      1.15
   104/299     4.34G      2.25      3.19      1.46       6.9       183       448     0.406     0.383     0.347     0.383       2.1      2.48      1.15
   105/299     4.34G      2.25      3.19      1.46      6.89       213       448     0.407     0.383     0.348     0.383       2.1      2.48      1.15
   106/299     4.34G      2.25      3.18      1.45      6.88       197       448     0.407     0.383     0.348     0.383       2.1      2.48      1.14
   107/299     4.34G      2.25      3.18      1.46      6.89       240       448     0.408     0.383     0.349     0.383       2.1      2.48      1.14
   108/299     4.34G      2.25      3.18      1.45      6.87       202       448     0.406     0.383     0.349     0.382       2.1      2.48      1.14
   109/299     4.34G      2.25      3.18      1.45      6.87       166       448     0.407     0.383     0.349     0.383       2.1      2.48      1.14
   110/299     4.34G      2.25      3.18      1.45      6.88       202       448     0.406     0.383     0.349     0.383       2.1      2.48      1.14
   111/299     4.34G      2.25      3.18      1.44      6.87       257       448     0.406     0.384     0.349     0.383       2.1      2.48      1.14
   112/299     4.34G      2.24      3.18      1.45      6.87       202       448     0.408     0.384     0.349     0.384       2.1      2.48      1.14
   113/299     4.34G      2.25      3.17      1.45      6.87       208       448     0.407     0.385      0.35     0.384       2.1      2.48      1.14
   114/299     4.34G      2.24      3.18      1.44      6.86       204       448     0.406     0.386     0.349     0.384       2.1      2.48      1.14
   115/299     4.34G      2.24      3.17      1.44      6.85       262       448     0.405     0.387     0.351     0.385       2.1      2.48      1.14
   116/299     4.34G      2.24      3.18      1.44      6.86       158       448     0.404     0.388     0.351     0.385       2.1      2.48      1.13
   117/299     4.34G      2.24      3.17      1.44      6.85       220       448     0.405     0.388     0.351     0.386       2.1      2.48      1.13
   118/299     4.34G      2.24      3.17      1.43      6.84       235       448     0.406     0.389     0.352     0.386       2.1      2.48      1.13
   119/299     4.34G      2.23      3.18      1.44      6.85       221       448     0.405     0.389     0.351     0.386       2.1      2.47      1.13
   120/299     4.34G      2.24      3.18      1.43      6.85       177       448     0.404     0.389     0.352     0.386      2.09      2.48      1.13
   121/299     4.34G      2.24      3.17      1.43      6.84       164       448     0.403     0.389     0.351     0.386      2.09      2.48      1.13
   122/299     4.34G      2.23      3.17      1.43      6.84       178       448     0.405     0.389     0.352     0.386      2.09      2.48      1.13
   123/299     4.34G      2.23      3.18      1.43      6.84       191       448     0.405      0.39     0.351     0.386      2.09      2.48      1.13
   124/299     4.34G      2.23      3.16      1.43      6.82       174       448     0.404     0.391     0.353     0.386      2.09      2.48      1.13
   125/299     4.34G      2.23      3.16      1.43      6.82       253       448     0.405      0.39     0.354     0.387      2.09      2.47      1.13
   126/299     4.34G      2.23      3.18      1.42      6.82       227       448     0.405      0.39     0.353     0.387      2.09      2.47      1.13
   127/299     4.34G      2.23      3.16      1.43      6.82       234       448     0.403      0.39     0.353     0.387      2.09      2.47      1.12
   128/299     4.34G      2.22      3.17      1.42      6.81       238       448     0.405      0.39     0.354     0.388      2.09      2.47      1.12
   129/299     4.34G      2.22      3.16      1.42       6.8       182       448     0.404     0.392     0.354     0.388      2.09      2.47      1.12
   130/299     4.34G      2.22      3.16      1.42      6.81       196       448     0.403     0.392     0.355     0.387      2.09      2.47      1.12
   131/299     4.34G      2.22      3.17      1.42      6.81       147       448     0.401     0.392     0.355     0.387      2.09      2.47      1.12
   132/299     4.34G      2.22      3.17      1.41      6.81       242       448     0.401     0.393     0.355     0.387      2.08      2.47      1.12
   133/299     4.34G      2.22      3.17      1.41      6.79       197       448       0.4     0.392     0.355     0.387      2.08      2.47      1.12
   134/299     4.34G      2.22      3.17      1.41       6.8       207       448       0.4     0.392     0.355     0.387      2.08      2.47      1.12
   135/299     4.34G      2.22      3.16      1.41      6.79       237       448     0.402     0.394     0.356     0.389      2.08      2.47      1.11
   136/299     4.34G      2.22      3.16      1.41      6.79       203       448     0.403     0.395     0.356      0.39      2.08      2.47      1.11
   137/299     4.34G      2.21      3.17      1.41      6.79       190       448     0.404     0.394     0.356      0.39      2.08      2.47      1.11
   138/299     4.34G      2.21      3.15       1.4      6.77       185       448     0.404     0.395     0.356      0.39      2.08      2.47      1.11
   139/299     4.34G      2.21      3.16       1.4      6.77       181       448     0.405     0.394     0.357      0.39      2.08      2.47      1.11
   140/299     4.34G      2.21      3.16       1.4      6.77       224       448     0.404     0.395     0.357      0.39      2.08      2.47      1.11
   141/299     4.34G      2.21      3.15       1.4      6.76       239       448     0.403     0.396     0.357      0.39      2.08      2.47      1.11
   142/299     4.34G      2.21      3.15       1.4      6.75       231       448     0.403     0.396     0.357      0.39      2.08      2.47      1.11
   143/299     4.34G      2.21      3.16       1.4      6.76       200       448     0.403     0.397     0.358      0.39      2.08      2.47      1.11
   144/299     4.34G       2.2      3.16       1.4      6.76       162       448     0.404     0.397     0.358     0.391      2.08      2.47       1.1
   145/299     4.34G       2.2      3.15       1.4      6.75       187       448     0.404     0.396     0.358      0.39      2.08      2.47       1.1
   146/299     4.34G       2.2      3.15      1.39      6.75       232       448     0.403     0.397     0.358     0.391      2.08      2.47       1.1
   147/299     4.34G       2.2      3.15      1.39      6.74       230       448     0.403     0.398     0.358     0.391      2.08      2.46       1.1
   148/299     4.34G       2.2      3.16      1.39      6.74       132       448     0.403     0.399     0.359     0.392      2.08      2.46       1.1
   149/299     4.34G       2.2      3.15      1.39      6.74       218       448     0.405     0.399     0.359     0.392      2.08      2.46       1.1
   150/299     4.34G       2.2      3.15      1.38      6.74       220       448     0.404     0.399     0.359     0.392      2.07      2.46       1.1
   151/299     4.34G       2.2      3.15      1.38      6.73       221       448     0.403     0.398     0.359     0.391      2.07      2.46       1.1
   152/299     4.34G       2.2      3.14      1.38      6.72       242       448     0.402     0.399     0.359     0.392      2.07      2.46       1.1
   153/299     4.34G      2.19      3.16      1.38      6.73       113       448     0.402     0.399      0.36     0.391      2.07      2.46       1.1
   154/299     4.34G      2.19      3.15      1.38      6.72       214       448     0.402       0.4     0.361     0.391      2.07      2.46       1.1
   155/299     4.34G      2.19      3.14      1.38      6.71       264       448     0.402     0.401     0.361     0.392      2.07      2.46       1.1
   156/299     4.34G      2.19      3.14      1.37      6.71       244       448     0.403     0.401     0.361     0.393      2.07      2.46      1.09
   157/299     4.34G      2.19      3.14      1.37       6.7       184       448     0.403     0.401     0.362     0.393      2.07      2.46      1.09
   158/299     4.34G      2.19      3.14      1.37       6.7       267       448     0.403     0.402     0.361     0.394      2.07      2.46      1.09
   159/299     4.34G      2.19      3.14      1.37      6.69       281       448     0.402     0.401     0.362     0.392      2.07      2.46      1.09
   160/299     4.34G      2.18      3.15      1.37       6.7       159       448     0.401       0.4     0.362     0.392      2.07      2.46      1.09
   161/299     4.34G      2.18      3.14      1.37      6.69       199       448       0.4       0.4     0.362     0.391      2.07      2.46      1.09
   162/299     4.34G      2.18      3.13      1.36      6.67       222       448     0.401     0.401     0.362     0.392      2.07      2.46      1.09
   163/299     4.34G      2.18      3.14      1.37      6.68       218       448       0.4     0.402     0.363     0.392      2.07      2.46      1.09
   164/299     4.34G      2.18      3.14      1.36      6.68       169       448       0.4     0.402     0.363     0.393      2.07      2.46      1.09
   165/299     4.34G      2.18      3.14      1.36      6.68       267       448     0.402     0.404     0.364     0.394      2.07      2.46      1.09
   166/299     4.34G      2.18      3.14      1.36      6.67       206       448     0.403     0.405     0.364     0.395      2.06      2.46      1.09
   167/299     4.34G      2.18      3.14      1.36      6.67       296       448     0.402     0.404     0.364     0.395      2.06      2.46      1.09
   168/299     4.34G      2.17      3.14      1.35      6.66       113       448     0.403     0.405     0.365     0.395      2.06      2.46      1.09
   169/299     4.34G      2.17      3.13      1.35      6.65       150       448     0.403     0.406     0.365     0.396      2.06      2.46      1.08
   170/299     4.34G      2.17      3.13      1.35      6.65       236       448     0.402     0.406     0.365     0.396      2.06      2.46      1.08
   171/299     4.34G      2.17      3.13      1.35      6.64       141       448     0.403     0.408     0.366     0.397      2.06      2.46      1.08
   172/299     4.34G      2.17      3.14      1.34      6.65       162       448     0.403     0.408     0.366     0.397      2.06      2.45      1.08
   173/299     4.34G      2.16      3.13      1.34      6.64       251       448     0.402     0.408     0.366     0.396      2.06      2.45      1.08
   174/299     4.34G      2.17      3.13      1.34      6.64       236       448     0.401     0.407     0.366     0.395      2.06      2.45      1.08
   175/299     4.34G      2.16      3.12      1.34      6.62       157       448     0.402     0.407     0.366     0.396      2.06      2.45      1.08
   176/299     4.34G      2.16      3.13      1.34      6.63       222       448     0.401     0.408     0.365     0.396      2.06      2.45      1.08
   177/299     4.34G      2.16      3.13      1.33      6.62       206       448       0.4     0.408     0.365     0.396      2.06      2.45      1.08
   178/299     4.34G      2.16      3.13      1.33      6.61       169       448     0.399     0.408     0.366     0.395      2.06      2.45      1.08
   179/299     4.34G      2.15      3.13      1.33      6.61       211       448     0.399     0.409     0.366     0.396      2.06      2.45      1.07
   180/299     4.34G      2.15      3.12      1.33      6.61       238       448     0.402      0.41     0.367     0.397      2.06      2.45      1.07
   181/299     4.34G      2.15      3.11      1.33      6.59       227       448     0.402      0.41     0.368     0.398      2.06      2.45      1.07
   182/299     4.34G      2.15      3.12      1.33      6.61       217       448     0.401     0.411     0.368     0.398      2.05      2.45      1.07
   183/299     4.34G      2.15      3.13      1.32       6.6       274       448     0.402     0.413     0.368     0.399      2.05      2.45      1.07
   184/299     4.34G      2.15      3.12      1.32      6.59       180       448     0.402     0.413     0.369     0.399      2.05      2.45      1.07
   185/299     4.34G      2.15      3.11      1.32      6.58       211       448       0.4     0.413     0.369     0.399      2.05      2.45      1.07
   186/299     4.34G      2.15      3.12      1.32      6.58       276       448     0.401     0.413     0.368     0.399      2.05      2.45      1.07
   187/299     4.34G      2.14      3.12      1.32      6.58       244       448     0.402     0.413     0.368     0.399      2.05      2.45      1.07
   188/299     4.34G      2.14      3.11      1.31      6.56       204       448     0.399     0.413     0.369     0.398      2.05      2.45      1.07
   189/299     4.34G      2.14      3.12      1.32      6.58       223       448     0.413     0.414      0.37     0.401      2.05      2.45      1.06
   190/299     4.34G      2.14      3.11      1.31      6.56       237       448     0.412     0.415      0.37     0.401      2.05      2.45      1.06
   191/299     4.34G      2.14      3.12      1.31      6.57       158       448     0.413     0.416      0.37     0.402      2.05      2.45      1.06
   192/299     4.34G      2.14       3.1      1.31      6.54       172       448     0.413     0.416      0.37     0.402      2.05      2.45      1.06
   193/299     4.34G      2.13       3.1       1.3      6.54       235       448     0.414     0.417     0.371     0.403      2.05      2.45      1.06
   194/299     4.34G      2.13       3.1       1.3      6.54       263       448     0.413     0.418     0.372     0.403      2.05      2.45      1.06
   195/299     4.34G      2.13       3.1       1.3      6.53       190       448     0.402     0.417     0.372     0.401      2.05      2.45      1.06
   196/299     4.34G      2.13      3.11       1.3      6.54       283       448     0.402     0.417     0.372     0.401      2.04      2.45      1.06
   197/299     4.34G      2.13       3.1       1.3      6.52       222       448     0.401     0.416     0.372       0.4      2.04      2.44      1.06
   198/299     4.34G      2.13      3.11      1.29      6.53       159       448       0.4     0.416     0.372       0.4      2.04      2.44      1.06
   199/299     4.34G      2.12       3.1      1.29      6.52       176       448     0.401     0.417     0.372       0.4      2.04      2.44      1.06
   200/299     4.34G      2.12      3.11      1.29      6.52       161       448     0.401     0.418     0.373     0.401      2.04      2.44      1.06
   201/299     4.34G      2.12       3.1      1.29      6.51       323       448       0.4     0.417     0.373       0.4      2.04      2.44      1.06
   202/299     4.34G      2.12      3.11      1.28       6.5       180       448       0.4     0.419     0.373     0.401      2.04      2.44      1.06
   203/299     4.34G      2.12      3.11      1.28      6.51       234       448     0.402     0.419     0.374     0.402      2.04      2.44      1.06
   204/299     4.34G      2.11       3.1      1.28       6.5       229       448       0.4     0.419     0.374     0.401      2.04      2.44      1.06
   205/299     4.34G      2.11      3.09      1.28      6.49       192       448     0.402     0.419     0.374     0.402      2.04      2.44      1.05
   206/299     4.34G      2.11      3.09      1.27      6.48       241       448     0.403      0.42     0.374     0.403      2.04      2.44      1.05
   207/299     4.34G      2.11      3.09      1.28      6.48       164       448     0.403      0.42     0.375     0.404      2.04      2.44      1.05
   208/299     4.34G      2.11      3.09      1.27      6.47       203       448     0.402      0.42     0.375     0.403      2.04      2.44      1.05
   209/299     4.34G      2.11      3.09      1.27      6.47       268       448     0.403     0.421     0.375     0.404      2.04      2.44      1.05
   210/299     4.34G      2.11       3.1      1.27      6.48       244       448     0.403     0.421     0.375     0.404      2.04      2.44      1.05
   211/299     4.34G       2.1      3.09      1.27      6.46       300       448     0.404     0.421     0.375     0.404      2.04      2.44      1.05
   212/299     4.34G       2.1      3.09      1.27      6.46       251       448     0.402     0.421     0.376     0.404      2.04      2.44      1.05
   213/299     4.34G       2.1      3.09      1.26      6.45       225       448     0.401      0.42     0.377     0.403      2.04      2.44      1.05
   214/299     4.34G       2.1      3.09      1.26      6.45       211       448     0.401     0.421     0.376     0.404      2.03      2.44      1.05
   215/299     4.34G       2.1      3.09      1.26      6.44       139       448     0.401     0.423     0.377     0.404      2.03      2.44      1.05
   216/299     4.34G      2.09      3.08      1.26      6.43       175       448     0.402     0.423     0.377     0.404      2.03      2.44      1.04
   217/299     4.34G      2.09      3.08      1.25      6.43       173       448     0.401     0.422     0.377     0.404      2.03      2.44      1.04
   218/299     4.34G      2.09      3.08      1.25      6.42       217       448     0.403     0.422     0.378     0.405      2.03      2.44      1.04
   219/299     4.34G      2.09      3.08      1.25      6.42       241       448     0.401     0.422     0.378     0.404      2.03      2.44      1.04
   220/299     4.34G      2.09      3.09      1.25      6.43       211       448     0.401     0.422     0.377     0.404      2.03      2.43      1.04
   221/299     4.34G      2.09      3.07      1.25       6.4       206       448       0.4     0.422     0.378     0.404      2.03      2.43      1.04
   222/299     4.34G      2.08      3.06      1.24      6.39       188       448     0.402     0.423     0.379     0.405      2.03      2.43      1.04
   223/299     4.34G      2.08      3.08      1.24       6.4       201       448       0.4     0.423     0.379     0.404      2.03      2.43      1.04
   224/299     4.34G      2.08      3.08      1.24       6.4       185       448     0.402     0.425     0.379     0.406      2.03      2.43      1.04
   225/299     4.34G      2.08      3.07      1.24      6.39       175       448     0.402     0.425     0.379     0.406      2.03      2.43      1.04
   226/299     4.34G      2.08      3.07      1.23      6.38       235       448     0.402     0.426     0.379     0.406      2.03      2.43      1.04
   227/299     4.34G      2.08      3.07      1.23      6.38       185       448     0.403     0.426      0.38     0.407      2.03      2.43      1.04
   228/299     4.34G      2.07      3.06      1.23      6.37       209       448     0.402     0.427      0.38     0.407      2.03      2.43      1.04
   229/299     4.34G      2.07      3.06      1.23      6.36       244       448     0.403     0.427     0.381     0.408      2.03      2.43      1.04
   230/299     4.34G      2.07      3.06      1.22      6.35       286       448     0.403     0.427     0.381     0.408      2.02      2.43      1.04
   231/299     4.34G      2.07      3.06      1.23      6.35       152       448     0.402     0.427     0.381     0.407      2.02      2.43      1.03
   232/299     4.34G      2.06      3.07      1.22      6.35       212       448     0.401     0.426     0.381     0.406      2.02      2.43      1.03
   233/299     4.34G      2.06      3.06      1.22      6.34       218       448     0.414     0.429     0.383     0.409      2.02      2.43      1.03
   234/299     4.34G      2.06      3.07      1.22      6.35       232       448     0.415     0.429     0.383      0.41      2.02      2.43      1.03
   235/299     4.34G      2.06      3.06      1.22      6.34       332       448     0.414      0.43     0.383      0.41      2.02      2.43      1.03
   236/299     4.34G      2.06      3.06      1.21      6.33       218       448     0.415     0.429     0.383      0.41      2.02      2.43      1.03
   237/299     4.34G      2.06      3.06      1.21      6.32       209       448     0.416      0.43     0.383     0.411      2.02      2.43      1.03
   238/299     4.34G      2.05      3.06       1.2      6.32       245       448     0.417      0.43     0.384     0.411      2.02      2.43      1.03
   239/299     4.34G      2.05      3.06       1.2      6.32       180       448     0.416     0.431     0.384     0.412      2.02      2.43      1.03
   240/299     4.34G      2.05      3.06       1.2      6.31       172       448     0.416     0.432     0.384     0.412      2.02      2.43      1.03
   241/299     4.34G      2.05      3.05       1.2       6.3       285       448     0.416     0.432     0.385     0.412      2.02      2.43      1.03
   242/299     4.34G      2.05      3.06       1.2       6.3       243       448     0.402      0.43     0.384     0.409      2.02      2.42      1.02
   243/299     4.34G      2.05      3.05       1.2       6.3       204       448     0.401     0.432     0.384     0.409      2.02      2.42      1.02
   244/299     4.34G      2.04      3.05      1.19      6.29       193       448       0.4     0.431     0.384     0.408      2.02      2.42      1.02
   245/299     4.34G      2.04      3.05      1.19      6.28       158       448     0.402     0.433     0.384      0.41      2.02      2.42      1.02
   246/299     4.34G      2.04      3.04      1.19      6.27       260       448     0.404     0.434     0.385     0.411      2.02      2.42      1.02
   247/299     4.34G      2.04      3.06      1.19      6.28       240       448     0.403     0.433     0.384      0.41      2.02      2.42      1.02
   248/299     4.34G      2.04      3.04      1.19      6.26       219       448     0.402     0.434     0.385      0.41      2.02      2.42      1.02
   249/299     4.34G      2.03      3.05      1.19      6.27       241       448     0.402     0.434     0.386      0.41      2.01      2.42      1.02
   250/299     4.34G      2.03      3.04      1.18      6.25       185       448     0.402     0.433     0.386      0.41      2.01      2.42      1.02
   251/299     4.34G      2.03      3.04      1.18      6.25       241       448     0.402     0.434     0.386      0.41      2.01      2.42      1.02
   252/299     4.34G      2.03      3.04      1.18      6.24       202       448     0.415     0.435     0.386     0.413      2.01      2.42      1.02
   253/299     4.34G      2.03      3.03      1.18      6.24       208       448     0.416     0.436     0.387     0.414      2.01      2.42      1.02
   254/299     4.34G      2.03      3.05      1.18      6.26       240       448     0.415     0.435     0.387     0.413      2.01      2.42      1.02
   255/299     4.34G      2.02      3.03      1.17      6.22       208       448     0.416     0.436     0.387     0.414      2.01      2.42      1.02
   256/299     4.34G      2.02      3.04      1.17      6.23       352       448     0.414     0.435     0.387     0.413      2.01      2.42      1.02
   257/299     4.34G      2.02      3.03      1.17      6.22       199       448     0.413     0.435     0.387     0.412      2.01      2.42      1.02
   258/299     4.34G      2.01      3.02      1.16       6.2       231       448     0.413     0.437     0.387     0.413      2.01      2.42      1.01
   259/299     4.34G      2.02      3.03      1.16      6.21       245       448     0.413     0.436     0.387     0.413      2.01      2.42      1.01
   260/299     4.34G      2.01      3.03      1.16       6.2       230       448     0.415     0.437     0.387     0.414      2.01      2.42      1.01
   261/299     4.34G      2.01      3.03      1.16       6.2       234       448     0.415     0.438     0.388     0.414      2.01      2.42      1.01
   262/299     4.34G      2.01      3.02      1.15      6.19       268       448     0.416     0.438     0.388     0.415      2.01      2.42      1.01
   263/299     4.34G      2.01      3.03      1.16      6.19       240       448     0.416     0.439     0.388     0.416      2.01      2.42      1.01
   264/299     4.34G      2.01      3.03      1.15      6.19       192       448     0.415     0.438     0.388     0.415      2.01      2.42      1.01
   265/299     4.34G         2      3.02      1.15      6.18       164       448     0.403     0.437     0.387     0.413      2.01      2.42      1.01
   266/299     4.34G         2      3.02      1.15      6.17       213       448     0.403     0.438     0.387     0.413         2      2.42      1.01
   267/299     4.34G         2      3.02      1.15      6.17       151       448     0.403     0.438     0.388     0.413         2      2.42      1.01
   268/299     4.34G         2      3.02      1.14      6.16       233       448     0.403     0.439     0.388     0.413         2      2.42      1.01
   269/299     4.34G         2      3.02      1.14      6.16       183       448     0.403     0.439     0.388     0.413         2      2.42      1.01
   270/299     4.34G         2      3.02      1.14      6.16       242       448     0.402     0.439     0.388     0.413         2      2.42      1.01
   271/299     4.34G      1.99      3.02      1.14      6.15       247       448     0.402     0.438     0.388     0.413         2      2.42      1.01
   272/299     4.34G      1.99      3.01      1.14      6.15       265       448     0.403      0.44     0.388     0.414         2      2.42      1.01
   273/299     4.34G      1.99      3.01      1.14      6.14       209       448     0.403     0.439     0.389     0.414         2      2.42      1.01
   274/299     4.34G         2      3.01      1.14      6.14       279       448     0.404      0.44     0.389     0.415         2      2.42      1.01
   275/299     4.34G      1.99         3      1.13      6.13       270       448     0.404     0.439     0.389     0.414         2      2.41      1.01
   276/299     4.34G      1.99      3.01      1.13      6.13       170       448     0.402      0.44     0.389     0.414         2      2.41      1.01
   277/299     4.34G      1.99      3.01      1.13      6.13       214       448     0.403      0.44     0.389     0.414         2      2.41      1.01
   278/299     4.34G      1.99         3      1.13      6.13       179       448     0.402      0.44     0.389     0.414         2      2.41      1.01
   279/299     4.34G      1.99      3.01      1.13      6.13       210       448     0.403      0.44     0.389     0.414         2      2.41         1
   280/299     4.34G      1.99      3.01      1.12      6.12       229       448     0.402     0.441      0.39     0.414         2      2.41         1
   281/299     4.34G      1.98      3.01      1.13      6.12       215       448     0.402     0.441      0.39     0.414         2      2.41         1
   282/299     4.34G      1.98      3.01      1.12      6.12       216       448     0.403     0.443      0.39     0.416         2      2.41         1
   283/299     4.34G      1.98         3      1.12      6.11       227       448     0.403     0.442      0.39     0.415         2      2.41         1
   284/299     4.34G      1.98         3      1.12       6.1       213       448     0.403     0.443      0.39     0.416         2      2.41         1
   285/299     4.34G      1.98      3.01      1.12      6.11       341       448     0.403     0.442      0.39     0.416         2      2.41         1
   286/299     4.34G      1.98         3      1.12       6.1       231       448     0.403     0.443     0.391     0.416         2      2.41         1
   287/299     4.34G      1.98         3      1.12       6.1       212       448     0.401     0.442     0.391     0.415         2      2.41         1
   288/299     4.34G      1.98         3      1.12       6.1       208       448       0.4     0.441     0.391     0.414         2      2.41         1
   289/299     4.34G      1.97         3      1.11      6.08       249       448     0.401     0.441     0.391     0.414         2      2.41         1
   290/299     4.34G      1.98         3      1.11      6.09       216       448     0.402     0.443     0.391     0.415         2      2.41         1
   291/299     4.34G      1.97         3      1.11      6.09       181       448     0.402     0.443     0.391     0.416         2      2.41         1
   292/299     4.34G      1.97         3      1.11      6.09       199       448     0.402     0.444     0.391     0.416         2      2.41         1
   293/299     4.34G      1.97      2.99      1.11      6.08       226       448     0.402     0.444     0.391     0.416         2      2.41         1
   294/299     4.34G      1.97         3      1.12      6.09       185       448     0.403     0.443     0.392     0.416         2      2.41         1
   295/299     4.34G      1.97         3      1.11      6.09       206       448     0.403     0.444     0.391     0.416         2      2.41         1
   296/299     4.34G      1.97         3      1.12      6.09       185       448     0.402     0.443     0.391     0.415         2      2.41         1
   297/299     4.34G      1.97      2.99      1.11      6.08       235       448     0.402     0.444     0.391     0.416         2      2.41         1
   298/299     4.34G      1.97      2.99      1.11      6.08       188       448     0.402     0.443     0.392     0.415      1.99      2.41         1
  299/1299        0G      6.54      1.41      2.44      10.4         7       640         0         0   0.00065         0      4.04     0.939       1.7
  300/1299        0G      6.21     0.767      2.43       9.4         2       640         0         0         0         0      7.03       124      5.64
  301/1299        0G      5.39     0.789      2.22       8.4         2       640  0.000312    0.0267  4.22e-05  0.000617       5.9       213       3.7
  302/1299        0G      4.84     0.955      2.26      8.05         2       640  0.000312    0.0533  9.66e-05  0.000618      4.05      42.7      2.01
  303/1299        0G      4.56     0.948      2.19       7.7         6       640         0         0    0.0111         0      3.68     0.636      1.54
  304/1299        0G      3.96         1      2.14      7.09         6       640         0         0    0.0962         0      2.73     0.791      1.42
  305/1299        0G      3.97      1.09      2.14       7.2         6       640       0.2   0.00667    0.0751    0.0129      2.71       0.7      1.39
  306/1299        0G      3.57      1.04      2.02      6.63         4       640       0.2   0.00667     0.129    0.0129      2.43     0.776      1.37
  307/1299        0G      3.48     0.973      2.11      6.56         8       640         0         0    0.0277         0      2.04     0.839      1.42
  308/1299        0G      2.93     0.944      2.07      5.94         3       640         0         0    0.0252         0      1.85     0.831      1.43
  309/1299        0G      3.17     0.965      2.12      6.25         4       640         0         0    0.0502         0      1.92     0.827      1.44
  310/1299        0G      2.73      1.01      2.07       5.8         1       640       0.2   0.00667     0.136    0.0129      1.74     0.849      1.44
  311/1299        0G      2.53     0.984      2.13      5.64         2       640       0.2   0.00667     0.175    0.0129       1.2     0.946      1.43
  312/1299        0G      2.32      1.03       2.1      5.45         5       640       0.4    0.0133     0.238    0.0258      1.27     0.871      1.37
  313/1299        0G      2.21      1.03      2.02      5.26         4       640       0.4    0.0133     0.288    0.0258       1.2     0.813      1.33
  314/1299        0G       2.1     0.955         2      5.05         6       640       0.4    0.0133     0.298    0.0258      1.54     0.699      1.28
  315/1299        0G      2.41      0.93      1.88      5.22         4       640     0.164    0.0267     0.257    0.0459       1.4     0.703      1.26
  316/1299        0G      2.01     0.998      1.93      4.93         4       640       0.2    0.0328     0.302    0.0563      1.11     0.726      1.25
  317/1299        0G      2.34     0.912      1.85       5.1         4       640       0.2     0.163     0.322     0.179      1.11     0.664      1.21
  318/1299        0G      2.03     0.912      1.85      4.79         3       640      0.37     0.193     0.335     0.191      1.14     0.659       1.2
  319/1299        0G      1.93     0.883      1.92      4.73         5       640     0.453      0.24     0.347      0.23      1.17     0.642      1.17
  320/1299        0G      2.16     0.823      1.73      4.71         3       640      0.18      0.28     0.268     0.189      1.22     0.639      1.13
  321/1299        0G      2.12     0.885       1.8      4.81         3       640      0.37     0.276     0.366     0.248      1.03     0.661      1.15
  322/1299        0G      2.04     0.833      1.72       4.6         3       640     0.151     0.185     0.196     0.138      1.51     0.645      1.12
  323/1299        0G      2.12     0.889      1.77      4.77         4       640     0.354     0.207     0.311     0.187      1.03     0.646      1.11
  324/1299        0G      1.84     0.901      1.74      4.48         4       640     0.386     0.229     0.382     0.205      1.04      0.62      1.06
  325/1299        0G       1.8     0.837      1.65      4.29         2       640     0.305     0.429     0.365     0.338       1.4     0.599         1
  326/1299        0G      1.98     0.784      1.59      4.36         2       640     0.455     0.335     0.474     0.351      1.19     0.568      1.01
  327/1299        0G      2.01     0.738      1.67      4.42         4       640     0.409     0.302      0.45      0.32      1.34     0.551     0.995
  328/1299        0G      1.74     0.806      1.58      4.12         3       640     0.299     0.279     0.417     0.264      1.04     0.583      0.97
  329/1299        0G       1.8       0.8      1.56      4.16         6       640     0.352     0.411      0.45     0.373      1.06     0.566      1.01
  330/1299        0G      1.82     0.769      1.53      4.11         4       640     0.391     0.453     0.486     0.416      1.06     0.556     0.949
  331/1299        0G      1.81     0.697      1.52      4.04         5       640     0.384      0.17     0.405     0.202      1.12     0.618      1.07
  332/1299        0G      1.82     0.739      1.55      4.11         4       640     0.522     0.213     0.412     0.196      1.05     0.584     0.965
  333/1299        0G      1.94     0.766       1.5      4.21         6       640     0.496     0.482     0.544     0.477      1.05     0.532     0.896
  334/1299        0G      1.77     0.765      1.52      4.06         7       640     0.414     0.547     0.543     0.459     0.955     0.548     0.865
  335/1299        0G      1.83     0.736      1.51      4.07         3       640     0.502     0.498     0.539     0.489      1.11     0.514     0.833
  336/1299        0G       1.8      0.75      1.48      4.03         5       640     0.411     0.389     0.536     0.383      1.19     0.513     0.786
  337/1299        0G      1.68     0.702      1.46      3.84         5       640     0.418      0.48     0.513     0.433      1.25     0.498      0.78
  338/1299        0G       1.7     0.738      1.34      3.78         5       640     0.393      0.56     0.546     0.455     0.929     0.513     0.785
  339/1299        0G       1.7     0.677      1.32      3.69         4       640     0.445     0.551     0.571      0.48     0.948     0.492     0.757
  340/1299        0G      1.78     0.667      1.41      3.86         3       640     0.557     0.568     0.624     0.512      1.15     0.474     0.739
  341/1299        0G      1.75     0.692      1.26       3.7         3       640     0.567      0.52     0.627     0.503       1.2     0.493     0.698
  342/1299        0G      1.91     0.653      1.27      3.83         2       640     0.633     0.518     0.637     0.545      1.13     0.482     0.696
  343/1299        0G      1.78     0.633      1.27      3.69         6       640     0.581      0.58     0.609     0.538      1.11     0.466     0.706
  344/1299        0G       1.7     0.637      1.14      3.48         3       640     0.565     0.488     0.607     0.492      1.01     0.483      0.68
  345/1299        0G      1.54     0.648      1.17      3.36         2       640     0.584     0.573     0.633      0.55      1.01     0.471     0.681
  346/1299        0G      1.57     0.649      1.17      3.38         3       640     0.494      0.64     0.632     0.525     0.955     0.456      0.67
  347/1299        0G      1.56     0.639      1.26      3.46         4       640     0.777     0.605      0.63     0.576     0.882     0.451     0.657
  348/1299        0G       1.8     0.706      1.19      3.69         7       640     0.556     0.547     0.613     0.529      1.33     0.429      0.64
  349/1299        0G      1.58     0.675      1.15       3.4         4       640      0.73     0.595     0.633      0.56      1.06     0.448     0.615
  350/1299        0G      1.82     0.626      1.08      3.53         6       640     0.795     0.572     0.693     0.582      1.14     0.448     0.613
  351/1299        0G      1.63     0.647      1.07      3.35         6       640     0.641      0.62     0.706     0.572     0.954     0.446     0.607
  352/1299        0G      1.63     0.605      1.07      3.31         6       640     0.697     0.652     0.756     0.548      1.14     0.466     0.533
  353/1299        0G      1.65     0.608     0.926      3.19         3       640      0.75     0.639     0.767     0.577      1.03     0.467     0.507
  354/1299        0G      1.55     0.705     0.988      3.24         4       640     0.703      0.72     0.746     0.645     0.908     0.466     0.558
  355/1299        0G      1.47     0.615     0.925      3.01         2       640     0.671     0.687      0.78     0.641     0.915     0.467     0.495
  356/1299        0G      1.54     0.595     0.951      3.09         3       640     0.738     0.645     0.815     0.585      0.99     0.479     0.443
  357/1299        0G      1.69     0.583     0.907      3.18         5       640     0.785     0.684     0.822     0.651      1.04      0.51     0.407
  358/1299        0G      1.59     0.631     0.813      3.04         3       640     0.731     0.787     0.868     0.702     0.835     0.481     0.408
  359/1299        0G      1.65     0.621     0.902      3.17         1       640     0.814     0.771      0.88     0.751     0.981      0.44     0.394
  360/1299        0G      1.64      0.62     0.871      3.13         6       640     0.818     0.655      0.84     0.707     0.842      0.46     0.353
  361/1299        0G      1.48     0.601     0.882      2.96         8       640     0.807     0.677     0.797      0.73      1.02     0.432     0.448
  362/1299        0G      1.67     0.562     0.802      3.04         5       640     0.726     0.837     0.874     0.762      1.05     0.425     0.339
  363/1299        0G      1.52     0.647     0.823      2.99         2       640     0.747     0.862     0.918     0.777      1.14     0.428     0.379
  364/1299        0G      1.55     0.598     0.757      2.91         2       640     0.861     0.793     0.905     0.812     0.857      0.44     0.312
  365/1299        0G      1.58     0.575     0.754      2.91         5       640      0.81     0.807     0.905     0.796     0.946     0.417     0.256
  366/1299        0G      1.66     0.549     0.732      2.94         5       640     0.792     0.789     0.909     0.765     0.854     0.441     0.242
  367/1299        0G      1.54     0.576      0.71      2.82         5       640     0.816     0.824     0.919     0.808     0.911     0.424      0.23
  368/1299        0G      1.47      0.64     0.675      2.78         2       640      0.82     0.784     0.918     0.771     0.916     0.457     0.228
  369/1299        0G      1.58     0.552     0.677      2.81         4       640     0.748     0.873     0.898     0.798       1.1     0.408     0.192
  370/1299        0G      1.72      0.59     0.582      2.89         6       640     0.783     0.864     0.888     0.812       0.9     0.418     0.269
  371/1299        0G      1.47     0.535     0.619      2.63         4       640     0.839     0.847     0.888      0.84     0.884     0.429     0.199
  372/1299        0G      1.48     0.561     0.603      2.64         6       640     0.899     0.862     0.941     0.879     0.889     0.424     0.189
  373/1299        0G       1.6     0.527     0.535      2.66         4       640     0.901     0.931     0.964     0.912      1.11     0.409     0.174
  374/1299        0G      1.59     0.545     0.557       2.7         5       640     0.843     0.913     0.937     0.871     0.955     0.414     0.158
  375/1299        0G      1.51     0.569     0.592      2.67         5       640     0.766     0.831     0.923      0.77      0.98     0.469     0.224
  376/1299        0G       1.5     0.578     0.626       2.7         3       640     0.795      0.93     0.944     0.848      0.83     0.438     0.215
  377/1299        0G      1.65     0.576     0.704      2.93         3       640     0.897     0.847     0.947     0.863      1.07     0.409     0.154
  378/1299        0G      1.57     0.561     0.588      2.72         2       640     0.915     0.918     0.965     0.912     0.845     0.405     0.128
  379/1299        0G      1.54     0.596     0.518      2.65         5       640     0.862     0.953     0.961     0.903     0.817     0.391     0.126
  380/1299        0G      1.48     0.565     0.519      2.57         5       640     0.915     0.938      0.97     0.926     0.868     0.385     0.109
  381/1299        0G      1.74     0.555     0.456      2.75         4       640     0.809     0.965     0.951     0.869     0.893     0.385     0.235
  382/1299        0G      1.55     0.523      0.45      2.53         5       640     0.801     0.967     0.979     0.873     0.945     0.384     0.117
  383/1299        0G      1.47     0.523     0.498      2.49         4       640     0.759     0.934     0.953     0.826     0.812     0.419     0.172
  384/1299        0G      1.53     0.557     0.464      2.56         5       640     0.808     0.903     0.916      0.82     0.841     0.399      0.38
  385/1299        0G      1.47     0.512     0.465      2.44         5       640     0.859     0.936     0.952      0.89     0.911     0.359     0.171
  386/1299        0G      1.55     0.551     0.467      2.57         5       640     0.925     0.964     0.981     0.943     0.863      0.37     0.101
  387/1299        0G      1.58     0.523     0.405      2.51         6       640     0.931     0.927     0.973     0.928     0.997     0.389     0.106
  388/1299        0G      1.45     0.542     0.475      2.47         4       640     0.874     0.978     0.973      0.92     0.798     0.373     0.108
  389/1299        0G      1.58     0.506     0.409      2.49         3       640     0.903     0.953     0.964     0.924     0.976     0.369     0.159
  390/1299        0G      1.69     0.547     0.412      2.65         4       640     0.852     0.789     0.897     0.781     0.915     0.401      0.33
  391/1299        0G      1.33     0.568     0.425      2.33         4       640     0.916      0.98     0.984     0.946     0.729     0.381     0.132
  392/1299        0G      1.48     0.572     0.356      2.41         5       640      0.93         1     0.995     0.964     0.846     0.383    0.0909
  393/1299        0G      1.53     0.502     0.379      2.41         5       640     0.969      0.96     0.992     0.964     0.776     0.372    0.0922
  394/1299        0G      1.52     0.514      0.35      2.39         3       640     0.922     0.983     0.993     0.949     0.793     0.363     0.101
  395/1299        0G      1.31     0.577     0.381      2.27         5       640     0.916     0.993     0.994     0.951     0.744     0.366     0.087
  396/1299        0G      1.38     0.493     0.367      2.24         4       640     0.963     0.987     0.994     0.974     0.834     0.352     0.086
  397/1299        0G      1.56     0.488     0.396      2.44         3       640     0.957     0.957     0.989     0.957      1.02     0.363    0.0631
  398/1299        0G      1.61     0.502      0.35      2.46         3       640     0.898     0.982     0.975     0.935     0.998     0.367     0.086
  399/1299        0G      1.44     0.531     0.357      2.33         6       640     0.901     0.973     0.966     0.931     0.845     0.378      0.15
  400/1299        0G       1.5       0.5     0.303       2.3         4       640     0.881      0.98     0.976     0.926     0.994     0.355       0.1
