1 0.427083 0.518519 0.570833 0.479630 
0 0.000000 0.806481 0.157812 0.189815 
0 0.188542 0.479630 0.137500 0.018519 
0 0.462500 0.481481 0.037500 0.012963 
0 0.115104 0.608333 0.302083 0.391667 
2 0.001042 0.435185 0.200000 0.096296 
2 0.319792 0.425926 0.151042 0.092593 
3 0.382292 0.292593 0.006250 0.009259 
3 0.405208 0.293519 0.005729 0.009259 
4 0.428646 0.318519 0.007292 0.010185 
3 0.526042 0.335185 0.007812 0.012963 
3 0.526563 0.379630 0.007292 0.011111 
3 0.527604 0.401852 0.006771 0.011111 
2 0.000000 0.427778 0.043750 0.040741 
2 0.027083 0.425926 0.050000 0.041667 
2 0.073958 0.353704 0.126042 0.108333 
2 0.158333 0.433333 0.044792 0.035185 
2 0.199479 0.429630 0.047917 0.042593 
2 0.194271 0.389815 0.079687 0.059259 
2 0.239583 0.421296 0.040104 0.045370 
2 0.277083 0.433333 0.028125 0.029630 
2 0.297917 0.431481 0.019792 0.021296 
2 0.310937 0.402778 0.040104 0.046296 
2 0.360938 0.415741 0.021875 0.027778 
2 0.469792 0.435185 0.011458 0.009259 
2 0.472396 0.436111 0.028646 0.045370 
2 0.486979 0.446296 0.168229 0.099074 
2 0.629687 0.441667 0.106250 0.084259 
2 0.511979 0.444444 0.080729 0.041667 
2 0.628125 0.359259 0.370312 0.157407 
2 0.890104 0.426852 0.108333 0.113889 
1 0.519792 0.431481 0.008333 0.032407 
1 0.503646 0.436111 0.013021 0.046296 
1 0.502604 0.437963 0.008333 0.042593 
1 0.486979 0.437963 0.013021 0.050000 
1 0.542708 0.432407 0.007292 0.019444 
1 0.554167 0.431481 0.008333 0.013889 
1 0.536458 0.441667 0.005208 0.015741 
