0 0.288542 0.480556 0.162500 0.012963 
0 0.420833 0.516667 0.577083 0.474074 
3 0.377604 0.291667 0.005208 0.008333 
3 0.399479 0.290741 0.005729 0.011111 
3 0.520312 0.335185 0.008333 0.012037 
3 0.522396 0.379630 0.006771 0.008333 
3 0.522396 0.400000 0.006250 0.012037 
4 0.422917 0.317593 0.005729 0.009259 
2 0.000000 0.470370 0.446875 0.427778 
2 0.001042 0.433333 0.129167 0.059259 
2 0.069792 0.353704 0.123958 0.124074 
2 0.144792 0.433333 0.048958 0.035185 
2 0.183333 0.424074 0.030208 0.037037 
2 0.195833 0.429630 0.048958 0.044444 
2 0.267708 0.427778 0.033333 0.033333 
2 0.233333 0.420370 0.039583 0.038889 
2 0.286979 0.399074 0.044271 0.048148 
2 0.193229 0.390741 0.075000 0.046296 
2 0.323437 0.414815 0.019271 0.027778 
2 0.364583 0.436111 0.036979 0.047222 
2 0.390104 0.433333 0.018750 0.027778 
2 0.447396 0.438889 0.139583 0.076852 
2 0.559896 0.443519 0.055729 0.033333 
2 0.564063 0.441667 0.173437 0.098148 
2 0.665625 0.431481 0.080208 0.068519 
2 0.742708 0.444444 0.110937 0.065741 
2 0.864583 0.461111 0.135417 0.152778 
2 0.873437 0.437963 0.126562 0.074074 
1 0.113021 0.591667 0.306771 0.405556 
1 0.433854 0.428704 0.017188 0.045370 
1 0.488021 0.434259 0.005729 0.018519 
1 0.481250 0.434259 0.004687 0.009259 
1 0.496354 0.436111 0.006250 0.013889 
1 0.492708 0.433333 0.005208 0.013889 
1 0.514062 0.432407 0.006771 0.010185 
1 0.537500 0.431481 0.008854 0.010185 
