0 0.000000 0.481481 0.298438 0.016667 
0 0.000000 0.802778 0.152083 0.197222 
3 0.378125 0.292593 0.005208 0.008333 
3 0.398958 0.293519 0.006771 0.008333 
3 0.521875 0.335185 0.007292 0.012037 
3 0.522917 0.379630 0.006250 0.010185 
3 0.523438 0.400926 0.005729 0.011111 
4 0.423438 0.318519 0.007292 0.009259 
2 0.281250 0.453704 0.362500 0.264815 
2 0.296875 0.440741 0.134375 0.081481 
2 0.000000 0.430556 0.034896 0.037963 
2 0.021354 0.424074 0.048438 0.047222 
2 0.069792 0.354630 0.122917 0.115741 
2 0.144792 0.430556 0.052083 0.047222 
2 0.194792 0.427778 0.048958 0.046296 
2 0.193750 0.392593 0.074479 0.043519 
2 0.232813 0.420370 0.040625 0.043519 
2 0.264583 0.430556 0.034896 0.027778 
2 0.283333 0.399074 0.045833 0.045370 
2 0.397396 0.433333 0.020833 0.014815 
2 0.526042 0.445370 0.040104 0.015741 
2 0.533854 0.431481 0.117188 0.079630 
2 0.678646 0.440741 0.114583 0.074074 
2 0.782292 0.439815 0.091667 0.074074 
2 0.827604 0.425000 0.166146 0.120370 
0 0.423958 0.499074 0.575521 0.491667 
1 0.109896 0.605556 0.301042 0.392593 
1 0.457292 0.437037 0.003125 0.004630 
1 0.461979 0.437963 0.005208 0.004630 
1 0.481250 0.435185 0.004167 0.007407 
1 0.486458 0.436111 0.006250 0.008333 
1 0.500000 0.436111 0.006250 0.008333 
1 0.508333 0.436111 0.004687 0.013889 
1 0.538542 0.431481 0.006771 0.012037 
