0 0.419792 0.499074 0.576562 0.482407 
0 0.000000 0.778704 0.180729 0.216667 
0 0.314583 0.475926 0.016667 0.014815 
0 0.130729 0.483333 0.026562 0.012037 
3 0.378125 0.289815 0.006250 0.010185 
3 0.398958 0.290741 0.007292 0.012037 
3 0.522917 0.335185 0.006771 0.013889 
3 0.521875 0.378704 0.006771 0.012963 
3 0.521354 0.402778 0.007292 0.009259 
4 0.423438 0.318519 0.007292 0.007407 
2 0.839583 0.440741 0.154167 0.105556 
2 0.572917 0.464815 0.232292 0.185185 
2 0.542708 0.440741 0.103125 0.074074 
2 0.331250 0.424074 0.203125 0.131481 
2 0.147917 0.427778 0.167708 0.094444 
2 0.000000 0.402778 0.247396 0.348148 
2 0.284375 0.395370 0.045833 0.049074 
2 0.193750 0.386111 0.055208 0.048148 
2 0.194271 0.428704 0.034375 0.042593 
2 0.144792 0.417593 0.052604 0.049074 
2 0.230208 0.416667 0.048438 0.040741 
2 0.268750 0.428704 0.031771 0.021296 
2 0.069271 0.345370 0.125521 0.121296 
1 0.519792 0.457407 0.091667 0.179630 
1 0.103125 0.572222 0.309375 0.422222 
