0 0.429688 0.488889 0.356250 0.496296 
0 0.000000 0.803704 0.147917 0.192593 
0 0.000000 0.484259 0.172917 0.018519 
0 0.380208 0.481481 0.098958 0.014815 
3 0.385937 0.298148 0.005729 0.009259 
3 0.407813 0.300000 0.005729 0.008333 
3 0.528125 0.342593 0.007292 0.012037 
3 0.528646 0.385185 0.007812 0.012963 
3 0.530729 0.406481 0.005729 0.012963 
4 0.431250 0.323148 0.005729 0.008333 
2 0.907292 0.329630 0.090625 0.279630 
2 0.465625 0.438889 0.012500 0.012963 
2 0.477083 0.437037 0.007812 0.008333 
2 0.485938 0.438889 0.006250 0.006481 
2 0.424479 0.439815 0.025000 0.028704 
2 0.380729 0.423148 0.023958 0.020370 
2 0.368750 0.436111 0.011458 0.009259 
2 0.337500 0.420370 0.021875 0.026852 
2 0.344792 0.434259 0.015625 0.019444 
2 0.293229 0.403704 0.044271 0.037037 
2 0.243229 0.423148 0.040625 0.033333 
2 0.202604 0.394444 0.052083 0.043519 
2 0.200521 0.429630 0.041146 0.041667 
2 0.152604 0.432407 0.052083 0.037963 
2 0.080208 0.358333 0.121354 0.114815 
2 0.030729 0.427778 0.057813 0.045370 
2 0.000000 0.428704 0.044792 0.043519 
2 0.087500 0.459259 0.393229 0.274074 
1 0.113542 0.590741 0.304167 0.407407 
1 0.656771 0.447222 0.014583 0.058333 
1 0.588542 0.439815 0.010937 0.055556 
1 0.584375 0.437037 0.008333 0.027778 
1 0.574479 0.436111 0.011458 0.059259 
1 0.544792 0.438889 0.007292 0.046296 
1 0.538542 0.444444 0.008854 0.050000 
1 0.510417 0.441667 0.008854 0.043519 
1 0.512500 0.436111 0.009896 0.035185 
1 0.489583 0.443519 0.011458 0.056481 
1 0.491667 0.438889 0.004687 0.016667 
