1 0.000000 0.344554 0.134211 0.079208 
1 0.151316 0.332673 0.205263 0.124752 
1 0.486842 0.332673 0.085526 0.055446 
1 0.540789 0.336634 0.142105 0.063366 
1 0.721053 0.314851 0.026316 0.039604 
1 0.735526 0.326733 0.035526 0.039604 
1 0.822368 0.322772 0.163158 0.071287 
1 0.785526 0.328713 0.021053 0.023762 
2 0.075000 0.546535 0.334211 0.312871 
0 0.813158 0.158416 0.013158 0.051485 
0 0.875000 0.164356 0.017105 0.035644 
0 0.106579 0.039604 0.022368 0.067327 
0 0.181579 0.083168 0.021053 0.057426 
0 0.240789 0.110891 0.018421 0.059406 
