0 0.781250 0.314312 0.027500 0.013096 
0 0.821250 0.314312 0.023750 0.013096 
0 0.857500 0.308700 0.030000 0.016838 
0 0.015000 0.289991 0.026250 0.022451 
0 0.056250 0.297474 0.025000 0.022451 
1 0.488750 0.439663 0.117500 0.061740 
1 0.548750 0.426567 0.302500 0.190833 
1 0.333750 0.430309 0.018750 0.014967 
1 0.242500 0.422825 0.020000 0.020580 
1 0.177500 0.422825 0.022500 0.018709 
1 0.132500 0.426567 0.033750 0.014967 
1 0.366250 0.432180 0.020000 0.014967 
1 0.431250 0.422825 0.023750 0.020580 
1 0.466250 0.424696 0.036250 0.018709 
