0 0.444792 0.474074 0.552083 0.520370 
0 0.229167 0.472222 0.052083 0.011111 
0 0.429167 0.474074 0.058333 0.009259 
0 0.003125 0.787037 0.139583 0.205556 
3 0.379167 0.283333 0.006250 0.007407 
3 0.401562 0.282407 0.006250 0.011111 
3 0.522396 0.325926 0.008333 0.011111 
3 0.525000 0.370370 0.004687 0.012037 
3 0.523958 0.390741 0.006250 0.012037 
4 0.425521 0.308333 0.005729 0.008333 
2 0.557292 0.431481 0.127083 0.079630 
2 0.515625 0.435185 0.082292 0.061111 
2 0.961458 0.454630 0.038542 0.052778 
2 0.442708 0.424074 0.015625 0.017593 
2 0.405729 0.428704 0.048438 0.050000 
2 0.279687 0.425926 0.137500 0.080556 
2 0.286979 0.387037 0.044792 0.042593 
2 0.276042 0.421296 0.025521 0.025926 
2 0.234375 0.410185 0.042708 0.043519 
2 0.203646 0.416667 0.040625 0.044444 
2 0.193750 0.374074 0.073958 0.063889 
2 0.059375 0.415741 0.171875 0.106481 
2 0.071875 0.342593 0.125000 0.116667 
2 0.000000 0.395370 0.062500 0.165741 
2 0.039062 0.403704 0.063021 0.070370 
1 0.276042 0.451852 0.166667 0.250000 
1 0.132292 0.596296 0.285417 0.401852 
1 0.538542 0.421296 0.006771 0.036111 
1 0.693229 0.431481 0.011979 0.037963 
1 0.517188 0.423148 0.005729 0.039815 
1 0.514583 0.424074 0.005208 0.036111 
1 0.506771 0.426852 0.008854 0.050000 
1 0.497917 0.424074 0.007292 0.050926 
1 0.489583 0.427778 0.006771 0.036111 
1 0.483854 0.425926 0.007292 0.049074 
