0 0.416667 0.492593 0.576562 0.496296 
0 0.002083 0.794444 0.143750 0.205556 
0 0.376563 0.479630 0.021354 0.011111 
3 0.378646 0.287963 0.005208 0.012037 
3 0.402083 0.291667 0.005208 0.008333 
3 0.522396 0.335185 0.008333 0.012037 
3 0.523958 0.378704 0.005729 0.010185 
3 0.523958 0.401852 0.004687 0.008333 
4 0.424479 0.315741 0.005729 0.008333 
2 0.723958 0.468519 0.227083 0.137037 
2 0.977083 0.453704 0.022917 0.071296 
2 0.881771 0.440741 0.096875 0.059259 
2 0.782813 0.435185 0.094271 0.052778 
2 0.658854 0.444444 0.132812 0.098148 
2 0.396875 0.437037 0.132812 0.080556 
2 0.417708 0.434259 0.032813 0.034259 
2 0.447917 0.431481 0.015625 0.014815 
2 0.017188 0.409259 0.409896 0.323148 
2 0.306250 0.417593 0.070833 0.094444 
2 0.021354 0.416667 0.050000 0.040741 
2 0.000000 0.427778 0.079687 0.095370 
2 0.000000 0.417593 0.033333 0.045370 
2 0.069271 0.342593 0.125521 0.089815 
2 0.195833 0.384259 0.082812 0.033333 
2 0.291146 0.389815 0.040625 0.033333 
2 0.378125 0.414815 0.019792 0.017593 
2 0.417708 0.419444 0.014063 0.012963 
2 0.407292 0.428704 0.008333 0.004630 
1 0.753646 0.465741 0.061458 0.112037 
1 0.634375 0.444444 0.016146 0.048148 
1 0.557813 0.429630 0.009375 0.030556 
1 0.539583 0.429630 0.005208 0.041667 
1 0.509896 0.436111 0.006771 0.018519 
1 0.501042 0.432407 0.006771 0.014815 
1 0.109896 0.589815 0.300521 0.405556 
