0 0.783594 0.815972 0.209375 0.298611
0 0.222266 0.547917 0.414844 0.023611
1 0.616406 0.522222 0.017188 0.069444
1 0.459375 0.504167 0.015625 0.030556
2 0.458203 0.528472 0.010156 0.029167
2 0.672266 0.538194 0.027344 0.034722
3 0.207813 0.479167 0.034375 0.094444
3 0.133984 0.501389 0.053906 0.050000
3 0.838281 0.534722 0.129688 0.055556
5 0.393750 0.370139 0.060938 0.043056
5 0.513672 0.432639 0.010156 0.081944
3 0.355469 0.509722 0.020312 0.033333
3 0.392578 0.485417 0.025781 0.045833
