0 0.203516 0.922222 0.325781 0.155556
0 0.742578 0.877083 0.219531 0.240278
0 0.265234 0.531250 0.053906 0.026389
1 0.798828 0.592361 0.042969 0.234722
1 0.880469 0.599306 0.053125 0.220833
1 0.328125 0.537500 0.039063 0.125000
1 0.470703 0.488889 0.021094 0.050000
1 0.655078 0.522917 0.058594 0.140278
1 0.967578 0.682639 0.064844 0.404167
2 0.330469 0.645833 0.045313 0.080556
2 0.507422 0.861806 0.114844 0.243056
2 0.648047 0.656944 0.046094 0.102778
2 0.472656 0.534028 0.012500 0.029167
3 0.128516 0.388889 0.188281 0.188889
5 0.398438 0.352778 0.056250 0.058333
