5 0.399609 0.351389 0.063281 0.055556
3 0.122266 0.423611 0.189844 0.238889
2 0.350391 0.609722 0.021094 0.075000
2 0.540625 0.814583 0.034375 0.251389
2 0.480469 0.530556 0.006250 0.038889
2 0.641016 0.629167 0.021094 0.097222
3 0.859766 0.493750 0.096094 0.051389
1 0.688672 0.512500 0.011719 0.105556
1 0.775391 0.576389 0.033594 0.225000
1 0.848047 0.595139 0.036719 0.190278
1 0.478906 0.480556 0.012500 0.041667
0 0.184766 0.923611 0.297656 0.152778
0 0.761328 0.864583 0.214844 0.251389
