0 0.179297 0.907639 0.316406 0.156944
0 0.669922 0.804861 0.353906 0.348611
1 0.691797 0.521528 0.024219 0.151389
1 0.725000 0.529167 0.015625 0.130556
1 0.873438 0.525000 0.021875 0.136111
1 0.542188 0.498611 0.014062 0.077778
1 0.661719 0.512500 0.023438 0.063889
2 0.424219 0.681250 0.037500 0.154167
2 0.349219 0.585417 0.018750 0.076389
2 0.477734 0.595139 0.011719 0.070833
2 0.550781 0.567361 0.018750 0.051389
2 0.580859 0.551389 0.011719 0.052778
3 0.069922 0.461806 0.110156 0.287500
3 0.228125 0.460417 0.126563 0.137500
5 0.406250 0.341667 0.062500 0.061111
5 0.530078 0.422222 0.016406 0.066667
