5 0.407813 0.342361 0.053125 0.048611
5 0.529688 0.409028 0.018750 0.087500
3 0.119141 0.433333 0.224219 0.258333
3 0.294922 0.453472 0.102344 0.090278
3 0.832031 0.511111 0.104687 0.080556
2 0.571094 0.580556 0.026563 0.086111
2 0.433203 0.640278 0.016406 0.111111
2 0.369531 0.563889 0.012500 0.058333
1 0.562891 0.486111 0.022656 0.052778
1 0.675781 0.515278 0.025000 0.052778
1 0.918359 0.533333 0.030469 0.141667
0 0.688672 0.806250 0.388281 0.345833
0 0.197656 0.914583 0.339063 0.143056
