0 0.186328 0.920139 0.291406 0.151389
0 0.578125 0.832639 0.196875 0.293056
1 0.696094 0.529861 0.032812 0.073611
1 0.567578 0.494444 0.025781 0.083333
2 0.442969 0.583333 0.010937 0.094444
2 0.565625 0.613194 0.037500 0.129167
2 0.391016 0.540972 0.010156 0.043056
2 0.471094 0.545139 0.010937 0.054167
3 0.847266 0.504861 0.121094 0.093056
3 0.223047 0.452778 0.207031 0.177778
5 0.403516 0.343750 0.061719 0.054167
5 0.528516 0.406250 0.011719 0.090278
3 0.093750 0.438889 0.046875 0.119444
