3 0.844531 0.506250 0.139062 0.098611
3 0.279297 0.461111 0.147656 0.138889
3 0.126563 0.432639 0.114063 0.076389
0 0.572656 0.856250 0.206250 0.245833
1 0.565625 0.513194 0.050000 0.112500
1 0.701953 0.565972 0.052344 0.109722
2 0.559766 0.653472 0.041406 0.137500
2 0.444141 0.572222 0.014844 0.080556
2 0.473047 0.534722 0.010156 0.044444
5 0.402734 0.347222 0.061719 0.050000
5 0.523828 0.404167 0.011719 0.086111
1 0.519531 0.484722 0.012500 0.052778
1 0.655078 0.504861 0.021094 0.115278
