0 0.672396 0.789815 0.435417 0.409259 
2 0.316146 0.479630 0.120833 0.125926 
2 0.125521 0.440741 0.127083 0.118519 
2 0.044531 0.510185 0.089063 0.109259 
2 0.206250 0.465741 0.038542 0.075926 
2 0.236979 0.450000 0.033333 0.074074 
2 0.407813 0.468519 0.050000 0.074074 
2 0.472917 0.467593 0.046875 0.072222 
2 0.948177 0.538889 0.103646 0.088889 
2 0.852083 0.517593 0.103125 0.072222 
2 0.821875 0.502778 0.140625 0.075926 
4 0.396354 0.340741 0.014583 0.037037 
3 0.419271 0.342593 0.010417 0.044444 
3 0.375000 0.337963 0.011458 0.035185 
0 0.226042 0.909259 0.273958 0.177778 
4 0.518750 0.405556 0.013542 0.092593 
2 0.966927 0.454630 0.066146 0.131481 
1 0.398438 0.495370 0.016667 0.079630 
1 0.441146 0.512037 0.027083 0.116667 
1 0.487500 0.487963 0.017708 0.072222 
1 0.513542 0.490741 0.011458 0.062963 
1 0.566667 0.485185 0.007292 0.033333 
1 0.583854 0.486111 0.012500 0.061111 
1 0.610417 0.503704 0.017708 0.096296 
1 0.646354 0.489815 0.014583 0.072222 
1 0.676042 0.498148 0.030208 0.077778 
1 0.671875 0.691667 0.109375 0.353704 
1 0.958854 0.728704 0.082292 0.542593 
1 0.541146 0.608333 0.091667 0.298148 
1 0.069792 0.772222 0.138542 0.455556 
0 0.177083 0.523148 0.132292 0.035185 
