0 0.236458 0.917593 0.246875 0.164815 
0 0.717708 0.752778 0.453125 0.483333 
2 0.118750 0.436111 0.142708 0.098148 
2 0.041667 0.475926 0.034375 0.040741 
2 0.114583 0.504630 0.107292 0.083333 
2 0.236979 0.461111 0.056250 0.066667 
2 0.281250 0.455556 0.019792 0.055556 
2 0.204167 0.450000 0.053125 0.085185 
2 0.339062 0.473148 0.091667 0.120370 
2 0.418750 0.462963 0.045833 0.062963 
2 0.465104 0.456481 0.022917 0.042593 
2 0.809896 0.500000 0.106250 0.077778 
2 0.856771 0.520370 0.113542 0.074074 
2 0.938542 0.515741 0.071875 0.090741 
1 0.063802 0.754630 0.127604 0.487037 
1 0.026042 0.482407 0.015625 0.050000 
1 0.396354 0.487037 0.016667 0.051852 
1 0.444271 0.498148 0.025000 0.066667 
1 0.481771 0.664815 0.072917 0.381481 
1 0.613021 0.695370 0.116667 0.375926 
1 0.989323 0.537037 0.021354 0.155556 
1 0.977344 0.749074 0.045312 0.442593 
1 0.665104 0.515741 0.022917 0.098148 
1 0.635417 0.502778 0.023958 0.090741 
1 0.581771 0.487963 0.016667 0.046296 
1 0.563021 0.483333 0.010417 0.048148 
1 0.536458 0.490741 0.012500 0.044444 
1 0.507292 0.479630 0.023958 0.051852 
3 0.370833 0.342593 0.013542 0.048148 
3 0.417187 0.343519 0.008333 0.050000 
4 0.394271 0.338889 0.016667 0.044444 
4 0.517188 0.387037 0.010417 0.044444 
4 0.518750 0.434259 0.013542 0.027778 
0 0.231250 0.519444 0.107292 0.027778 
