0 0.714063 0.779630 0.458333 0.440741 
0 0.230208 0.904630 0.184375 0.190741 
2 0.052865 0.448148 0.105729 0.333333 
2 0.116667 0.523148 0.053125 0.116667 
2 0.138542 0.427778 0.096875 0.088889 
2 0.180729 0.499074 0.066667 0.075926 
2 0.226562 0.455556 0.062500 0.081481 
2 0.269271 0.460185 0.020833 0.053704 
2 0.315625 0.472222 0.019792 0.025926 
2 0.360417 0.467593 0.065625 0.094444 
2 0.425521 0.463889 0.033333 0.053704 
2 0.477083 0.462037 0.038542 0.042593 
2 0.812500 0.500926 0.139583 0.090741 
2 0.849479 0.522222 0.095833 0.074074 
2 0.936458 0.518519 0.091667 0.070370 
1 0.059635 0.756481 0.119271 0.487037 
1 0.392708 0.668519 0.146875 0.422222 
1 0.603125 0.742593 0.138542 0.425926 
1 0.971354 0.719444 0.039583 0.409259 
1 0.990365 0.558333 0.019271 0.187037 
1 0.660937 0.502778 0.016667 0.087037 
1 0.631250 0.506481 0.019792 0.105556 
1 0.577604 0.484259 0.014583 0.042593 
1 0.562500 0.482407 0.013542 0.057407 
1 0.532292 0.497222 0.017708 0.087037 
1 0.514062 0.490741 0.012500 0.051852 
1 0.446875 0.505556 0.020833 0.085185 
1 0.485938 0.488889 0.014583 0.055556 
3 0.368750 0.336111 0.013542 0.038889 
3 0.416146 0.346296 0.018750 0.044444 
4 0.392708 0.341667 0.011458 0.042593 
4 0.516667 0.387963 0.015625 0.042593 
4 0.516667 0.435185 0.015625 0.033333 
0 0.273958 0.522222 0.073958 0.037037 
