0 0.689583 0.786111 0.413542 0.427778 
0 0.170833 0.905556 0.109375 0.151852 
2 0.108073 0.440741 0.216146 0.344444 
2 0.246354 0.481481 0.052083 0.129630 
2 0.380729 0.463889 0.070833 0.090741 
2 0.438021 0.467593 0.029167 0.057407 
2 0.473438 0.462963 0.018750 0.044444 
2 0.804688 0.501852 0.104167 0.070370 
2 0.855208 0.512963 0.103125 0.070370 
2 0.935937 0.531481 0.081250 0.074074 
1 0.060677 0.757407 0.121354 0.477778 
1 0.315625 0.717593 0.201042 0.535185 
1 0.404687 0.511111 0.016667 0.096296 
1 0.446354 0.506481 0.018750 0.090741 
1 0.487500 0.497222 0.013542 0.057407 
1 0.510417 0.486111 0.015625 0.068519 
1 0.536979 0.497222 0.016667 0.068519 
1 0.554167 0.489815 0.013542 0.075926 
1 0.564063 0.484259 0.008333 0.035185 
1 0.582812 0.491667 0.012500 0.064815 
1 0.628125 0.488889 0.017708 0.096296 
1 0.652083 0.506481 0.017708 0.083333 
1 0.685417 0.492593 0.017708 0.062963 
1 0.589583 0.771296 0.140625 0.453704 
1 0.970833 0.694444 0.032292 0.340741 
1 0.991927 0.550000 0.016146 0.129630 
3 0.371354 0.343519 0.012500 0.053704 
3 0.419271 0.345370 0.008333 0.050000 
4 0.394271 0.343519 0.008333 0.046296 
4 0.516146 0.386111 0.008333 0.038889 
4 0.516667 0.428704 0.013542 0.031481 
0 0.351562 0.520370 0.064583 0.037037 
