0 0.714063 0.766667 0.458333 0.466667 
0 0.257292 0.903704 0.228125 0.185185 
2 0.147917 0.449074 0.290625 0.272222 
2 0.304167 0.473148 0.026042 0.035185 
2 0.348958 0.469444 0.021875 0.027778 
2 0.395833 0.470370 0.053125 0.074074 
2 0.452083 0.465741 0.030208 0.042593 
2 0.477604 0.463889 0.017708 0.038889 
2 0.803646 0.496296 0.106250 0.062963 
2 0.867708 0.512963 0.129167 0.081481 
2 0.942187 0.522222 0.079167 0.074074 
1 0.057813 0.627778 0.108333 0.237037 
1 0.599479 0.728704 0.125000 0.372222 
1 0.975000 0.647222 0.026042 0.283333 
1 0.987760 0.536111 0.024479 0.150000 
1 0.653125 0.502778 0.015625 0.075926 
1 0.722396 0.496296 0.020833 0.062963 
1 0.630729 0.491667 0.020833 0.075926 
1 0.583854 0.489815 0.017708 0.072222 
1 0.564063 0.486111 0.015625 0.057407 
1 0.541667 0.494444 0.015625 0.055556 
1 0.514062 0.486111 0.014583 0.057407 
1 0.488021 0.486111 0.013542 0.042593 
1 0.447917 0.487963 0.023958 0.064815 
1 0.416146 0.487963 0.020833 0.053704 
3 0.374479 0.341667 0.008333 0.038889 
3 0.420833 0.342593 0.007292 0.033333 
3 0.396875 0.340741 0.011458 0.037037 
3 0.517188 0.386111 0.018750 0.050000 
3 0.519792 0.435185 0.015625 0.040741 
0 0.359375 0.527778 0.092708 0.037037 
