0 0.717187 0.775926 0.456250 0.422222 
0 0.260937 0.903704 0.243750 0.188889 
2 0.032552 0.498148 0.065104 0.100000 
2 0.121875 0.522222 0.157292 0.129630 
2 0.131771 0.419444 0.131250 0.101852 
2 0.225521 0.444444 0.054167 0.088889 
2 0.300521 0.475000 0.054167 0.064815 
2 0.340625 0.469444 0.030208 0.046296 
2 0.184896 0.475000 0.045833 0.038889 
2 0.380729 0.446296 0.022917 0.029630 
2 0.425000 0.468519 0.030208 0.040741 
2 0.448958 0.450000 0.036458 0.051852 
2 0.478125 0.446296 0.013542 0.033333 
2 0.494792 0.446296 0.012500 0.029630 
2 0.811458 0.482407 0.090625 0.083333 
2 0.858333 0.497222 0.104167 0.083333 
2 0.945833 0.502778 0.090625 0.083333 
1 0.068490 0.770370 0.136979 0.459259 
1 0.391146 0.569444 0.091667 0.224074 
1 0.608333 0.687037 0.105208 0.318519 
1 0.985156 0.683333 0.029687 0.474074 
1 0.732292 0.465741 0.013542 0.053704 
1 0.646875 0.477778 0.017708 0.066667 
1 0.689583 0.483333 0.017708 0.066667 
1 0.673958 0.481481 0.015625 0.062963 
1 0.591146 0.475926 0.016667 0.066667 
1 0.572396 0.466667 0.008333 0.044444 
1 0.556250 0.479630 0.011458 0.062963 
1 0.539062 0.479630 0.010417 0.062963 
1 0.522396 0.471296 0.012500 0.053704 
1 0.496354 0.483333 0.012500 0.055556 
3 0.380729 0.328704 0.010417 0.042593 
3 0.427604 0.327778 0.010417 0.037037 
4 0.402604 0.331481 0.010417 0.037037 
4 0.525521 0.375000 0.006250 0.038889 
4 0.527604 0.420370 0.008333 0.037037 
0 0.453646 0.509259 0.060417 0.025926 
