0 0.784896 0.776852 0.243750 0.424074 
0 0.317708 0.903704 0.303125 0.185185 
2 0.079167 0.506481 0.109375 0.090741 
2 0.228646 0.508333 0.104167 0.101852 
2 0.155729 0.487963 0.052083 0.079630 
2 0.126562 0.425000 0.131250 0.120370 
2 0.226042 0.434259 0.065625 0.068519 
2 0.286979 0.462963 0.031250 0.033333 
2 0.333333 0.475000 0.036458 0.038889 
2 0.362500 0.466667 0.021875 0.051852 
2 0.396875 0.466667 0.028125 0.025926 
2 0.438021 0.466667 0.027083 0.040741 
2 0.458333 0.448148 0.036458 0.055556 
2 0.480729 0.448148 0.018750 0.029630 
2 0.495833 0.444444 0.013542 0.033333 
2 0.802083 0.487037 0.092708 0.070370 
2 0.863021 0.497222 0.117708 0.068519 
2 0.940625 0.496296 0.077083 0.077778 
1 0.071094 0.765741 0.142187 0.446296 
1 0.526563 0.547222 0.058333 0.150000 
1 0.611979 0.662037 0.085417 0.264815 
1 0.979167 0.691667 0.038542 0.512963 
1 0.649479 0.477778 0.014583 0.077778 
1 0.675521 0.483333 0.014583 0.074074 
1 0.689063 0.483333 0.007292 0.066667 
1 0.713021 0.465741 0.012500 0.042593 
1 0.757292 0.471296 0.019792 0.042593 
1 0.589583 0.473148 0.015625 0.057407 
1 0.569792 0.470370 0.013542 0.051852 
3 0.380208 0.329630 0.015625 0.037037 
3 0.426042 0.328704 0.009375 0.046296 
4 0.400521 0.330556 0.012500 0.038889 
4 0.523958 0.372222 0.015625 0.051852 
4 0.524479 0.419444 0.012500 0.031481 
0 0.386979 0.513889 0.185417 0.031481 
