0 0.697917 0.762037 0.426042 0.475926 
0 0.253125 0.902778 0.219792 0.187037 
2 0.070312 0.495370 0.120833 0.072222 
2 0.129167 0.420370 0.134375 0.107407 
2 0.172917 0.473148 0.048958 0.046296 
2 0.228646 0.436111 0.077083 0.090741 
2 0.233854 0.466667 0.041667 0.033333 
2 0.309375 0.473148 0.042708 0.050000 
2 0.280729 0.459259 0.018750 0.033333 
2 0.322396 0.443519 0.045833 0.042593 
2 0.351562 0.462037 0.022917 0.024074 
2 0.375521 0.467593 0.027083 0.046296 
2 0.413542 0.471296 0.032292 0.053704 
2 0.446354 0.454630 0.018750 0.031481 
2 0.473438 0.455556 0.012500 0.018519 
2 0.478646 0.444444 0.016667 0.040741 
2 0.496875 0.441667 0.011458 0.035185 
2 0.810417 0.472222 0.118750 0.074074 
2 0.857812 0.484259 0.093750 0.068519 
2 0.947917 0.492593 0.091667 0.077778 
1 0.072656 0.762037 0.145313 0.450000 
1 0.607292 0.687037 0.132292 0.314815 
1 0.017188 0.470370 0.018750 0.044444 
1 0.497917 0.475926 0.019792 0.059259 
1 0.525521 0.470370 0.012500 0.062963 
1 0.545312 0.474074 0.014583 0.066667 
1 0.570312 0.465741 0.014583 0.057407 
1 0.590625 0.463889 0.011458 0.057407 
1 0.652083 0.468519 0.015625 0.062963 
3 0.380208 0.321296 0.013542 0.042593 
3 0.428125 0.324074 0.011458 0.040741 
4 0.402083 0.323148 0.013542 0.035185 
4 0.526563 0.366667 0.012500 0.044444 
4 0.525000 0.410185 0.009375 0.031481 
0 0.210417 0.493519 0.001042 0.001852 
0 0.334375 0.508333 0.303125 0.020370 
