0 0.700521 0.747222 0.393750 0.479630 
0 0.262500 0.908333 0.232292 0.183333 
2 0.058594 0.511111 0.117188 0.125926 
2 0.170833 0.488889 0.082292 0.077778 
2 0.232292 0.463889 0.042708 0.042593 
2 0.130729 0.430556 0.127083 0.116667 
2 0.245833 0.437037 0.092708 0.070370 
2 0.308333 0.435185 0.040625 0.048148 
2 0.314583 0.452778 0.021875 0.027778 
2 0.342708 0.474074 0.040625 0.062963 
2 0.372396 0.461111 0.014583 0.037037 
2 0.398438 0.460185 0.022917 0.031481 
2 0.430729 0.465741 0.027083 0.038889 
2 0.456771 0.454630 0.014583 0.016667 
2 0.476042 0.453704 0.009375 0.029630 
2 0.481771 0.441667 0.016667 0.031481 
2 0.497917 0.438889 0.009375 0.025926 
2 0.815625 0.472222 0.107292 0.085185 
2 0.863542 0.491667 0.113542 0.079630 
2 0.957812 0.487963 0.081250 0.083333 
1 0.070312 0.772222 0.139583 0.451852 
1 0.609375 0.711111 0.107292 0.333333 
1 0.663542 0.456481 0.011458 0.031481 
1 0.651563 0.475000 0.014583 0.061111 
1 0.595313 0.469444 0.014583 0.053704 
1 0.576042 0.474074 0.015625 0.062963 
1 0.548438 0.477778 0.014583 0.062963 
1 0.525000 0.468519 0.013542 0.055556 
1 0.498437 0.475000 0.014583 0.053704 
1 0.387500 0.465741 0.010417 0.038889 
3 0.383854 0.319444 0.008333 0.038889 
3 0.428646 0.324074 0.008333 0.040741 
4 0.406250 0.323148 0.007292 0.035185 
4 0.527083 0.369444 0.011458 0.046296 
4 0.526563 0.407407 0.008333 0.033333 
0 0.365104 0.506481 0.237500 0.024074 
