0 0.751563 0.748148 0.197917 0.477778 
0 0.264583 0.896296 0.186458 0.185185 
2 0.043229 0.466667 0.052083 0.055556 
2 0.114062 0.433333 0.112500 0.118519 
2 0.167187 0.467593 0.022917 0.042593 
2 0.209896 0.483333 0.079167 0.077778 
2 0.228125 0.428704 0.076042 0.079630 
2 0.351562 0.462037 0.035417 0.042593 
2 0.378125 0.452778 0.023958 0.038889 
2 0.408854 0.450000 0.027083 0.037037 
2 0.440625 0.448148 0.023958 0.048148 
2 0.461979 0.442593 0.014583 0.022222 
2 0.491667 0.433333 0.015625 0.018519 
2 0.798438 0.468519 0.087500 0.081481 
2 0.844271 0.477778 0.098958 0.085185 
2 0.947917 0.481481 0.090625 0.111111 
1 0.067708 0.768519 0.130208 0.440741 
1 0.013021 0.465741 0.018750 0.057407 
1 0.499479 0.464815 0.018750 0.044444 
1 0.517708 0.459259 0.011458 0.051852 
1 0.543229 0.465741 0.014583 0.061111 
1 0.568229 0.453704 0.012500 0.048148 
1 0.588021 0.456481 0.014583 0.057407 
1 0.647396 0.461111 0.010417 0.048148 
1 0.601562 0.675000 0.118750 0.335185 
3 0.377083 0.315741 0.009375 0.038889 
3 0.524479 0.352778 0.012500 0.031481 
3 0.524479 0.403704 0.006250 0.037037 
4 0.401562 0.317593 0.008333 0.038889 
4 0.424479 0.318519 0.008333 0.040741 
0 0.383333 0.500000 0.203125 0.033333 
