0 0.736458 0.716667 0.211458 0.429630 
0 0.262500 0.889815 0.192708 0.216667 
2 0.104167 0.411111 0.105208 0.118519 
2 0.156771 0.452778 0.031250 0.053704 
2 0.311458 0.537963 0.351042 0.261111 
2 0.439583 0.445370 0.019792 0.031481 
2 0.464062 0.432407 0.012500 0.031481 
2 0.843750 0.432407 0.307292 0.275926 
1 0.055729 0.760185 0.108333 0.475926 
1 0.010937 0.454630 0.020833 0.061111 
1 0.594271 0.648148 0.093750 0.307407 
1 0.946875 0.696296 0.098958 0.607407 
1 0.495833 0.442593 0.019792 0.062963 
1 0.563542 0.445370 0.015625 0.053704 
1 0.580729 0.446296 0.008333 0.070370 
1 0.515104 0.456481 0.014583 0.061111 
1 0.537500 0.457407 0.013542 0.066667 
1 0.646354 0.455556 0.014583 0.059259 
3 0.373958 0.301852 0.011458 0.040741 
3 0.519271 0.336111 0.008333 0.020370 
3 0.521875 0.397222 0.013542 0.020370 
4 0.396354 0.304630 0.010417 0.042593 
4 0.420833 0.302778 0.009375 0.035185 
