2 0.459896 0.528704 0.252083 0.220370 
2 0.242708 0.456481 0.057292 0.053704 
2 0.213021 0.429630 0.050000 0.074074 
2 0.121875 0.412037 0.126042 0.112963 
2 0.156250 0.455556 0.039583 0.037037 
2 0.786979 0.459259 0.079167 0.074074 
2 0.910677 0.398148 0.178646 0.248148 
1 0.069531 0.770370 0.139063 0.459259 
1 0.586458 0.714815 0.128125 0.377778 
1 0.946875 0.703704 0.098958 0.574074 
4 0.395313 0.319444 0.010417 0.016667 
4 0.418750 0.319444 0.009375 0.012963 
0 0.679688 0.743519 0.515625 0.472222 
