2 0.368750 0.597222 0.357292 0.272222 
2 0.747917 0.498148 0.232292 0.174074 
2 0.123438 0.412963 0.128125 0.092593 
2 0.160938 0.451852 0.048958 0.044444 
2 0.325521 0.452778 0.033333 0.042593 
2 0.395313 0.442593 0.014583 0.025926 
2 0.419271 0.437963 0.012500 0.027778 
2 0.463542 0.442593 0.017708 0.018519 
2 0.432292 0.440741 0.011458 0.014815 
2 0.918229 0.496296 0.056250 0.059259 
2 0.871875 0.464815 0.090625 0.092593 
1 0.590104 0.748148 0.120833 0.459259 
1 0.952344 0.706481 0.095312 0.561111 
1 0.058594 0.753704 0.117188 0.470370 
4 0.396354 0.319444 0.008333 0.012963 
