2 0.555208 0.561111 0.284375 0.203704 
2 0.126042 0.416667 0.126042 0.122222 
2 0.165104 0.461111 0.054167 0.040741 
2 0.215625 0.426852 0.061458 0.083333 
2 0.210938 0.460185 0.045833 0.046296 
2 0.353646 0.450000 0.035417 0.033333 
2 0.438021 0.438889 0.016667 0.018519 
2 0.894792 0.490741 0.210417 0.137037 
2 0.406771 0.440741 0.012500 0.029630 
2 0.784896 0.468519 0.064583 0.062963 
1 0.592187 0.757407 0.141667 0.433333 
1 0.952604 0.705556 0.083333 0.566667 
1 0.056771 0.763889 0.112500 0.457407 
4 0.396354 0.320370 0.008333 0.018519 
4 0.420312 0.324074 0.010417 0.018519 
0 0.678125 0.746296 0.502083 0.507407 
