2 0.339062 0.600926 0.381250 0.235185 
2 0.876563 0.538889 0.231250 0.159259 
2 0.973177 0.467593 0.053646 0.224074 
2 0.785937 0.459259 0.070833 0.059259 
2 0.060937 0.501852 0.120833 0.100000 
2 0.115104 0.418519 0.154167 0.125926 
2 0.210938 0.445370 0.070833 0.075926 
2 0.205208 0.462037 0.040625 0.042593 
2 0.157292 0.462963 0.045833 0.051852 
2 0.383854 0.444444 0.025000 0.029630 
1 0.589063 0.764815 0.127083 0.444444 
1 0.054688 0.775926 0.108333 0.433333 
0 0.728646 0.738889 0.518750 0.485185 
0 0.452604 0.440741 0.012500 0.007407 
4 0.396354 0.324074 0.008333 0.011111 
4 0.421354 0.321296 0.008333 0.016667 
