2 0.544271 0.575000 0.279167 0.187037 
2 0.965625 0.523148 0.063542 0.112963 
2 0.967187 0.420370 0.051042 0.122222 
2 0.848958 0.482407 0.105208 0.072222 
2 0.923438 0.500000 0.079167 0.066667 
2 0.778646 0.474074 0.060417 0.044444 
2 0.193750 0.474074 0.087500 0.074074 
2 0.397396 0.453704 0.023958 0.025926 
2 0.121354 0.424074 0.129167 0.122222 
1 0.065104 0.760185 0.120833 0.479630 
1 0.589583 0.750000 0.145833 0.455556 
4 0.393750 0.324074 0.012500 0.011111 
4 0.415104 0.325000 0.013542 0.016667 
0 0.694792 0.770370 0.597917 0.448148 
