2 0.498437 0.579630 0.321875 0.255556 
2 0.858854 0.509259 0.226042 0.166667 
2 0.966667 0.429630 0.058333 0.155556 
2 0.183333 0.481481 0.083333 0.096296 
2 0.331250 0.464815 0.052083 0.040741 
2 0.117708 0.430556 0.131250 0.127778 
2 0.417708 0.450000 0.018750 0.025926 
2 0.228646 0.437963 0.071875 0.068519 
1 0.066146 0.757407 0.128125 0.470370 
1 0.589063 0.763889 0.132292 0.409259 
0 0.705208 0.749074 0.589583 0.464815 
4 0.393750 0.329630 0.012500 0.014815 
4 0.417708 0.326852 0.008333 0.020370 
