2 0.239583 0.467593 0.045833 0.064815 
2 0.213021 0.451852 0.065625 0.096296 
2 0.721354 0.555556 0.226042 0.200000 
2 0.854167 0.466667 0.091667 0.081481 
2 0.951562 0.518519 0.084375 0.125926 
2 0.965625 0.395370 0.052083 0.094444 
2 0.359375 0.464815 0.041667 0.033333 
2 0.127083 0.424074 0.129167 0.107407 
2 0.061458 0.479630 0.114583 0.092593 
2 0.427083 0.447222 0.020833 0.020370 
1 0.593750 0.734259 0.129167 0.450000 
1 0.059375 0.763889 0.110417 0.453704 
1 0.320833 0.455556 0.016667 0.074074 
0 0.720313 0.730556 0.553125 0.531481 
4 0.396354 0.329630 0.009375 0.014815 
4 0.418750 0.331481 0.016667 0.014815 
