1 0.597396 0.735185 0.142708 0.462963 
1 0.062500 0.762963 0.116667 0.451852 
2 0.895833 0.553704 0.208333 0.196296 
2 0.960417 0.433333 0.045833 0.177778 
2 0.388021 0.456481 0.032292 0.031481 
2 0.176042 0.481481 0.093750 0.081481 
2 0.127083 0.431481 0.137500 0.122222 
2 0.230729 0.433333 0.073958 0.066667 
2 0.288542 0.459259 0.039583 0.066667 
2 0.838021 0.485185 0.123958 0.103704 
0 0.703125 0.742593 0.572917 0.511111 
4 0.398438 0.333333 0.011458 0.022222 
4 0.419271 0.331481 0.013542 0.025926 
