0 0.706250 0.735185 0.541667 0.514815 
2 0.855208 0.479630 0.106250 0.077778 
2 0.952083 0.496296 0.087500 0.066667 
2 0.212500 0.646296 0.412500 0.314815 
2 0.129167 0.424074 0.120833 0.114815 
2 0.170313 0.462963 0.040625 0.044444 
2 0.231250 0.442593 0.079167 0.092593 
2 0.246875 0.467593 0.058333 0.038889 
2 0.807292 0.462963 0.089583 0.059259 
2 0.322917 0.452778 0.037500 0.050000 
1 0.600521 0.745370 0.123958 0.446296 
1 0.060937 0.777778 0.113542 0.437037 
4 0.402083 0.327778 0.012500 0.025926 
4 0.423438 0.334259 0.019792 0.024074 
2 0.964583 0.450000 0.062500 0.177778 
