2 0.483333 0.594444 0.308333 0.277778 
2 0.865625 0.467593 0.110417 0.109259 
2 0.952083 0.490741 0.095833 0.096296 
2 0.811458 0.475926 0.127083 0.070370 
2 0.221354 0.472222 0.057292 0.062963 
2 0.294792 0.462963 0.052083 0.066667 
2 0.343750 0.464815 0.025000 0.055556 
2 0.131250 0.433333 0.129167 0.111111 
2 0.169271 0.471296 0.046875 0.046296 
4 0.402083 0.332407 0.012500 0.016667 
4 0.424479 0.337963 0.013542 0.016667 
0 0.705208 0.733333 0.577083 0.481481 
1 0.068750 0.770370 0.137500 0.451852 
