1 0.593229 0.767593 0.151042 0.416667 
1 0.063021 0.779630 0.123958 0.440741 
4 0.404167 0.338889 0.008333 0.025926 
4 0.425521 0.337037 0.015625 0.029630 
2 0.858854 0.485185 0.111458 0.103704 
2 0.714583 0.562963 0.237500 0.170370 
2 0.335417 0.463889 0.037500 0.046296 
2 0.366667 0.462963 0.025000 0.044444 
2 0.434375 0.459259 0.018750 0.037037 
2 0.215625 0.478704 0.043750 0.046296 
2 0.080208 0.505556 0.147917 0.107407 
2 0.139583 0.434259 0.150000 0.116667 
2 0.176042 0.475926 0.056250 0.051852 
2 0.237500 0.450000 0.083333 0.088889 
2 0.946875 0.497222 0.093750 0.079630 
0 0.695833 0.728704 0.600000 0.524074 
