1 0.594271 0.762963 0.136458 0.422222 
1 0.058854 0.788889 0.117708 0.407407 
2 0.269792 0.485185 0.068750 0.074074 
2 0.131250 0.441667 0.137500 0.131481 
2 0.171354 0.473148 0.051042 0.057407 
2 0.385417 0.462963 0.029167 0.044444 
2 0.447917 0.456481 0.012500 0.016667 
2 0.860417 0.495370 0.104167 0.075926 
2 0.942187 0.507407 0.109375 0.096296 
2 0.814583 0.487037 0.129167 0.070370 
4 0.400000 0.338889 0.012500 0.025926 
4 0.422396 0.345370 0.017708 0.027778 
0 0.698958 0.724074 0.593750 0.522222 
2 0.238542 0.448148 0.097917 0.103704 
