1 0.602083 0.749074 0.137500 0.420370 
1 0.240625 0.574074 0.081250 0.207407 
1 0.057292 0.774074 0.114583 0.444444 
2 0.863542 0.496296 0.133333 0.088889 
2 0.946354 0.497222 0.098958 0.124074 
2 0.403646 0.461111 0.036458 0.033333 
2 0.793750 0.475000 0.095833 0.079630 
2 0.228125 0.442593 0.095833 0.092593 
2 0.130208 0.440741 0.139583 0.148148 
2 0.315104 0.478704 0.055208 0.075926 
2 0.456771 0.451852 0.019792 0.022222 
0 0.697917 0.722222 0.587500 0.548148 
4 0.405729 0.333333 0.017708 0.022222 
4 0.425000 0.338889 0.016667 0.025926 
