4 0.595833 0.746296 0.141667 0.470370 
4 0.304167 0.512037 0.041667 0.127778 
4 0.058333 0.763889 0.116667 0.438889 
2 0.112500 0.698148 0.183333 0.262963 
2 0.868750 0.479630 0.129167 0.074074 
2 0.933333 0.488889 0.120833 0.096296 
2 0.927083 0.474074 0.020833 0.007407 
2 0.806771 0.477778 0.086458 0.074074 
2 0.130729 0.426852 0.146875 0.150000 
2 0.164062 0.462963 0.048958 0.059259 
2 0.220833 0.434259 0.083333 0.087037 
2 0.350000 0.467593 0.041667 0.053704 
2 0.419792 0.449074 0.018750 0.016667 
2 0.459375 0.450000 0.014583 0.018519 
4 0.401042 0.327778 0.022917 0.025926 
4 0.423958 0.331481 0.014583 0.018519 
0 0.691667 0.737037 0.591667 0.503704 
