2 0.243750 0.621296 0.404167 0.294444 
2 0.864583 0.471296 0.104167 0.101852 
2 0.952083 0.481481 0.095833 0.096296 
2 0.804167 0.475000 0.091667 0.068519 
2 0.227083 0.429630 0.070833 0.081481 
2 0.367708 0.452778 0.035417 0.050000 
2 0.432292 0.446296 0.022917 0.022222 
2 0.131250 0.420370 0.129167 0.137037 
2 0.172917 0.470370 0.054167 0.059259 
1 0.604688 0.755556 0.126042 0.437037 
1 0.051042 0.767593 0.102083 0.446296 
0 0.705208 0.728704 0.568750 0.542593 
4 0.401042 0.325926 0.010417 0.022222 
4 0.423958 0.330556 0.018750 0.027778 
