0 0.617188 0.729630 0.251042 0.485185 
4 0.380208 0.318519 0.006250 0.040741 
3 0.402604 0.314815 0.007292 0.029630 
3 0.427083 0.314815 0.006250 0.033333 
3 0.524479 0.362963 0.007292 0.048148 
1 0.017188 0.467593 0.011458 0.072222 
1 0.166146 0.467593 0.007292 0.057407 
1 0.176563 0.455556 0.011458 0.066667 
1 0.291667 0.465741 0.012500 0.042593 
1 0.384896 0.465741 0.013542 0.064815 
1 0.285417 0.742593 0.266667 0.485185 
2 0.776042 0.473148 0.068750 0.057407 
2 0.789062 0.481481 0.042708 0.081481 
2 0.857812 0.484259 0.123958 0.079630 
2 0.945312 0.496296 0.103125 0.081481 
2 0.030729 0.463889 0.057292 0.053704 
2 0.158854 0.461111 0.026042 0.037037 
2 0.209375 0.456481 0.027083 0.038889 
2 0.260417 0.448148 0.035417 0.055556 
2 0.334375 0.440741 0.018750 0.025926 
0 0.334375 0.497222 0.058333 0.016667 
0 0.438021 0.494444 0.063542 0.018519 
