3 0.402083 0.315741 0.006250 0.035185 
3 0.427083 0.319444 0.006250 0.035185 
3 0.523438 0.363889 0.009375 0.050000 
1 0.294792 0.741667 0.277083 0.457407 
1 0.029167 0.524074 0.047917 0.248148 
1 0.211979 0.467593 0.009375 0.057407 
1 0.247396 0.466667 0.017708 0.059259 
1 0.123438 0.460185 0.015625 0.075926 
1 0.066146 0.470370 0.017708 0.070370 
1 0.599479 0.455556 0.015625 0.044444 
0 0.652083 0.753704 0.270833 0.444444 
2 0.770312 0.468519 0.051042 0.037037 
2 0.824479 0.466667 0.107292 0.051852 
2 0.866146 0.492593 0.121875 0.074074 
2 0.938542 0.495370 0.087500 0.083333 
2 0.174479 0.462963 0.063542 0.059259 
2 0.221875 0.453704 0.033333 0.051852 
2 0.317708 0.442593 0.022917 0.025926 
2 0.477083 0.461111 0.020833 0.040741 
0 0.366667 0.495370 0.175000 0.016667 
