2 0.016667 0.455556 0.022917 0.040741 
2 0.047917 0.454630 0.056250 0.050000 
2 0.165625 0.456481 0.052083 0.053704 
2 0.208854 0.461111 0.032292 0.051852 
2 0.259896 0.463889 0.076042 0.053704 
2 0.476562 0.461111 0.021875 0.044444 
2 0.776042 0.473148 0.062500 0.057407 
2 0.811458 0.475000 0.081250 0.072222 
2 0.863021 0.482407 0.126042 0.072222 
2 0.945312 0.496296 0.098958 0.088889 
3 0.400521 0.313889 0.005208 0.035185 
3 0.425000 0.314815 0.006250 0.033333 
3 0.523958 0.364815 0.008333 0.048148 
1 0.090104 0.524074 0.055208 0.248148 
1 0.286979 0.749074 0.263542 0.472222 
1 0.447396 0.449074 0.013542 0.031481 
0 0.662500 0.743519 0.314583 0.435185 
0 0.385937 0.495370 0.134375 0.020370 
