2 0.015625 0.448148 0.027083 0.044444 
2 0.051562 0.448148 0.053125 0.051852 
2 0.175000 0.449074 0.054167 0.046296 
2 0.225521 0.450926 0.040625 0.042593 
2 0.403125 0.447222 0.025000 0.024074 
2 0.485938 0.455556 0.028125 0.044444 
2 0.781250 0.464815 0.060417 0.044444 
2 0.802604 0.479630 0.069792 0.055556 
2 0.873437 0.479630 0.126042 0.074074 
2 0.943229 0.489815 0.101042 0.083333 
0 0.690104 0.768519 0.278125 0.411111 
3 0.383333 0.304630 0.008333 0.031481 
3 0.406250 0.306481 0.006250 0.035185 
3 0.430729 0.308333 0.007292 0.031481 
3 0.528125 0.352778 0.008333 0.046296 
1 0.508854 0.546296 0.073958 0.281481 
1 0.347396 0.458333 0.019792 0.061111 
1 0.223958 0.460185 0.018750 0.064815 
1 0.081250 0.453704 0.018750 0.062963 
1 0.280729 0.764815 0.263542 0.422222 
0 0.153646 0.488889 0.092708 0.018519 
0 0.293750 0.487037 0.066667 0.011111 
0 0.426042 0.486111 0.066667 0.016667 
