1 0.057292 0.458333 0.025000 0.068519 
1 0.244792 0.461111 0.012500 0.062963 
1 0.364063 0.457407 0.019792 0.059259 
1 0.510938 0.458333 0.011458 0.053704 
1 0.600521 0.551852 0.067708 0.300000 
1 0.282292 0.770370 0.256250 0.414815 
0 0.721875 0.823148 0.422917 0.205556 
3 0.384375 0.308333 0.004167 0.031481 
3 0.407292 0.310185 0.006250 0.035185 
4 0.432292 0.312963 0.006250 0.037037 
2 0.017708 0.455556 0.031250 0.055556 
2 0.052083 0.449074 0.047917 0.046296 
2 0.173958 0.451852 0.050000 0.044444 
2 0.224479 0.452778 0.057292 0.046296 
2 0.415104 0.448148 0.019792 0.025926 
2 0.484896 0.453704 0.028125 0.044444 
2 0.776563 0.464815 0.057292 0.055556 
2 0.816667 0.471296 0.087500 0.068519 
2 0.867708 0.475926 0.120833 0.074074 
2 0.948958 0.484259 0.087500 0.083333 
0 0.155729 0.493519 0.119792 0.016667 
0 0.313021 0.489815 0.063542 0.012963 
0 0.423958 0.490741 0.070833 0.014815 
3 0.529167 0.358333 0.008333 0.050000 
