0 0.143750 0.496296 0.227083 0.014815 
0 0.396875 0.494444 0.175000 0.011111 
0 0.609896 0.723148 0.223958 0.435185 
1 0.010417 0.457407 0.016667 0.070370 
1 0.283854 0.466667 0.019792 0.066667 
1 0.389583 0.461111 0.020833 0.055556 
1 0.779167 0.579630 0.100000 0.307407 
1 0.289062 0.787963 0.284375 0.375926 
3 0.385937 0.313889 0.007292 0.035185 
3 0.408333 0.313889 0.006250 0.035185 
3 0.531771 0.363889 0.011458 0.057407 
4 0.433333 0.314815 0.008333 0.037037 
2 0.027083 0.455556 0.027083 0.037037 
2 0.056250 0.457407 0.052083 0.048148 
2 0.172396 0.453704 0.051042 0.051852 
2 0.221875 0.457407 0.045833 0.048148 
2 0.434375 0.446296 0.020833 0.029630 
2 0.486458 0.462037 0.025000 0.042593 
2 0.866667 0.481481 0.114583 0.070370 
2 0.946354 0.497222 0.094792 0.083333 
