2 0.020313 0.453704 0.036458 0.048148 
2 0.052604 0.455556 0.053125 0.048148 
2 0.176042 0.456481 0.054167 0.046296 
2 0.225000 0.454630 0.056250 0.053704 
2 0.441146 0.447222 0.019792 0.031481 
2 0.483854 0.462037 0.026042 0.038889 
2 0.805208 0.470370 0.112500 0.070370 
2 0.822917 0.488889 0.064583 0.062963 
2 0.953646 0.495370 0.078125 0.079630 
3 0.386458 0.312963 0.008333 0.033333 
3 0.407813 0.312963 0.009375 0.037037 
3 0.530208 0.359259 0.008333 0.048148 
4 0.431771 0.316667 0.007292 0.037037 
1 0.301563 0.464815 0.013542 0.059259 
1 0.401562 0.459259 0.013542 0.055556 
1 0.298438 0.786111 0.261458 0.372222 
1 0.878646 0.583333 0.080208 0.314815 
0 0.642188 0.768519 0.265625 0.403704 
0 0.142187 0.497222 0.257292 0.020370 
0 0.409896 0.493519 0.159375 0.020370 
