0 0.153125 0.496296 0.291667 0.018519 
0 0.417187 0.493519 0.151042 0.016667 
0 0.652604 0.758333 0.288542 0.431481 
3 0.384896 0.313889 0.005208 0.031481 
3 0.406250 0.313889 0.006250 0.035185 
3 0.529687 0.359259 0.007292 0.048148 
4 0.431771 0.316667 0.005208 0.037037 
2 0.019271 0.455556 0.030208 0.048148 
2 0.053125 0.452778 0.054167 0.046296 
2 0.175521 0.454630 0.051042 0.057407 
2 0.225000 0.456481 0.050000 0.050000 
2 0.447917 0.445370 0.018750 0.020370 
2 0.483854 0.463889 0.028125 0.038889 
2 0.716667 0.481481 0.016667 0.051852 
2 0.737500 0.487963 0.031250 0.038889 
2 0.817187 0.484259 0.132292 0.083333 
2 0.926042 0.492593 0.050000 0.062963 
1 0.291667 0.784259 0.256250 0.375926 
1 0.969792 0.587963 0.043750 0.335185 
1 0.317188 0.466667 0.015625 0.059259 
1 0.409896 0.458333 0.011458 0.053704 
1 0.508333 0.460185 0.014583 0.042593 
