1 0.292187 0.786111 0.265625 0.390741 
1 0.335417 0.465741 0.018750 0.061111 
1 0.417708 0.463889 0.016667 0.061111 
1 0.508854 0.462037 0.011458 0.050000 
1 0.491146 0.460185 0.009375 0.046296 
1 0.599479 0.471296 0.007292 0.035185 
0 0.686979 0.758333 0.321875 0.435185 
0 0.158333 0.496296 0.293750 0.014815 
0 0.384896 0.494444 0.038542 0.014815 
0 0.459896 0.497222 0.038542 0.020370 
3 0.384375 0.312963 0.006250 0.033333 
3 0.405208 0.312963 0.006250 0.037037 
3 0.527083 0.362037 0.008333 0.046296 
4 0.430208 0.316667 0.006250 0.037037 
2 0.018750 0.452778 0.031250 0.042593 
2 0.052083 0.456481 0.047917 0.053704 
2 0.175521 0.453704 0.051042 0.051852 
2 0.219792 0.456481 0.052083 0.046296 
2 0.452604 0.446296 0.015625 0.022222 
2 0.483854 0.463889 0.028125 0.042593 
2 0.669271 0.482407 0.055208 0.046296 
2 0.748958 0.487037 0.143750 0.085185 
2 0.939063 0.496296 0.105208 0.096296 
