4 0.431250 0.316667 0.006250 0.033333 
0 0.661458 0.763889 0.325000 0.394444 
3 0.384896 0.314815 0.005208 0.037037 
3 0.407813 0.315741 0.007292 0.035185 
3 0.529687 0.362963 0.007292 0.051852 
1 0.286979 0.789815 0.259375 0.368519 
1 0.371875 0.468519 0.012500 0.055556 
1 0.435417 0.467593 0.012500 0.053704 
2 0.020313 0.453704 0.034375 0.048148 
2 0.051042 0.453704 0.047917 0.048148 
2 0.171875 0.455556 0.054167 0.037037 
2 0.224479 0.455556 0.055208 0.044444 
2 0.462500 0.446296 0.014583 0.022222 
2 0.481250 0.458333 0.020833 0.031481 
2 0.533854 0.488889 0.142708 0.088889 
2 0.664583 0.479630 0.122917 0.081481 
2 0.863021 0.496296 0.163542 0.092593 
2 0.950000 0.490741 0.085417 0.085185 
