0 0.711979 0.748148 0.573958 0.492593 
0 0.078125 0.895370 0.156250 0.201852 
0 0.105990 0.488889 0.201563 0.014815 
1 0.271875 0.800000 0.310417 0.392593 
1 0.523958 0.434722 0.007292 0.012037 
1 0.520052 0.437500 0.005729 0.012037 
1 0.517188 0.441204 0.005208 0.013889 
1 0.495833 0.445833 0.008333 0.025000 
1 0.489844 0.445833 0.008854 0.026852 
1 0.129167 0.446296 0.017708 0.053704 
3 0.385937 0.296296 0.005208 0.009259 
3 0.407813 0.296759 0.005208 0.008333 
3 0.529687 0.339352 0.008333 0.012037 
3 0.530990 0.382870 0.006771 0.012037 
4 0.431771 0.320833 0.005208 0.010185 
2 0.004687 0.490741 0.009375 0.062963 
2 0.020833 0.447222 0.041667 0.042593 
2 0.052344 0.450463 0.049479 0.049074 
2 0.138281 0.411111 0.123438 0.122222 
2 0.177083 0.450000 0.052083 0.042593 
2 0.221875 0.447222 0.046875 0.042593 
2 0.235937 0.409722 0.076042 0.050926 
2 0.258854 0.433333 0.040625 0.027778 
2 0.242708 0.459259 0.078125 0.079630 
2 0.279167 0.472222 0.152083 0.094444 
2 0.325260 0.418981 0.043229 0.037963 
2 0.362760 0.456944 0.042188 0.045370 
2 0.367448 0.427315 0.022396 0.026852 
2 0.431771 0.497222 0.185417 0.116667 
2 0.440625 0.441667 0.020833 0.011111 
2 0.478646 0.436111 0.009375 0.007407 
2 0.485417 0.446759 0.017708 0.019444 
2 0.524479 0.458796 0.068750 0.037963 
2 0.573958 0.482870 0.121875 0.082407 
2 0.734635 0.434259 0.390104 0.170370 
2 0.872135 0.479167 0.164062 0.115741 
2 0.970573 0.484722 0.057813 0.086111 
