0 0.369792 0.487037 0.162500 0.012963 
0 0.709375 0.753704 0.577083 0.474074 
3 0.380208 0.295833 0.005208 0.008333 
3 0.402344 0.296296 0.005729 0.011111 
3 0.524479 0.341204 0.008333 0.012037 
3 0.525781 0.383796 0.006771 0.008333 
3 0.525521 0.406019 0.006250 0.012037 
4 0.425781 0.322222 0.005729 0.009259 
2 0.223438 0.684259 0.446875 0.427778 
2 0.065625 0.462963 0.129167 0.059259 
2 0.131771 0.415741 0.123958 0.124074 
2 0.169271 0.450926 0.048958 0.035185 
2 0.198437 0.442593 0.030208 0.037037 
2 0.220312 0.451852 0.048958 0.044444 
2 0.284375 0.444444 0.033333 0.033333 
2 0.253125 0.439815 0.039583 0.038889 
2 0.309115 0.423148 0.044271 0.048148 
2 0.230729 0.413889 0.075000 0.046296 
2 0.333073 0.428704 0.019271 0.027778 
2 0.383073 0.459722 0.036979 0.047222 
2 0.399479 0.447222 0.018750 0.027778 
2 0.517188 0.477315 0.139583 0.076852 
2 0.587760 0.460185 0.055729 0.033333 
2 0.650781 0.490741 0.173437 0.098148 
2 0.705729 0.465741 0.080208 0.068519 
2 0.798177 0.477315 0.110937 0.065741 
2 0.932292 0.537500 0.135417 0.152778 
2 0.936719 0.475000 0.126562 0.074074 
1 0.266406 0.794444 0.306771 0.405556 
1 0.442448 0.451389 0.017188 0.045370 
1 0.490885 0.443519 0.005729 0.018519 
1 0.483594 0.438889 0.004687 0.009259 
1 0.499479 0.443056 0.006250 0.013889 
1 0.495312 0.440278 0.005208 0.013889 
1 0.517448 0.437500 0.006771 0.010185 
1 0.541927 0.436574 0.008854 0.010185 
