0 0.091667 0.897222 0.183333 0.190741 
0 0.705208 0.737037 0.585417 0.492593 
0 0.395313 0.488889 0.065625 0.014815 
0 0.064062 0.492593 0.128125 0.022222 
3 0.381250 0.296759 0.004167 0.008333 
3 0.403125 0.298611 0.005208 0.010185 
3 0.525260 0.341667 0.006771 0.009259 
3 0.526563 0.385648 0.005208 0.008333 
3 0.526563 0.406019 0.005208 0.010185 
4 0.426823 0.323148 0.005729 0.007407 
2 0.683333 0.565741 0.281250 0.205556 
2 0.972917 0.479630 0.054167 0.066667 
2 0.765104 0.481481 0.153125 0.114815 
2 0.492448 0.470833 0.132812 0.082407 
2 0.417187 0.445370 0.020833 0.022222 
2 0.390625 0.458796 0.036458 0.043519 
2 0.260156 0.495370 0.213021 0.111111 
2 0.307552 0.421759 0.048438 0.043519 
2 0.255208 0.430093 0.041667 0.021296 
2 0.183333 0.483333 0.135417 0.092593 
2 0.170573 0.450000 0.049479 0.035185 
2 0.227865 0.417130 0.071354 0.056481 
2 0.130729 0.412500 0.123958 0.115741 
2 0.046875 0.449537 0.051042 0.043519 
2 0.018490 0.449074 0.036979 0.042593 
1 0.542708 0.438889 0.007292 0.014815 
1 0.453125 0.449074 0.010417 0.024074 
1 0.262500 0.800926 0.304167 0.398148 
