0 0.720833 0.734259 0.552083 0.520370 
0 0.255208 0.477778 0.052083 0.011111 
0 0.458333 0.478704 0.058333 0.009259 
0 0.072917 0.889815 0.139583 0.205556 
3 0.382292 0.287037 0.006250 0.007407 
3 0.404687 0.287963 0.006250 0.011111 
3 0.526563 0.331481 0.008333 0.011111 
3 0.527344 0.376389 0.004687 0.012037 
3 0.527083 0.396759 0.006250 0.012037 
4 0.428385 0.312500 0.005729 0.008333 
2 0.620833 0.471296 0.127083 0.079630 
2 0.556771 0.465741 0.082292 0.061111 
2 0.980729 0.481019 0.038542 0.052778 
2 0.450521 0.432870 0.015625 0.017593 
2 0.429948 0.453704 0.048438 0.050000 
2 0.348438 0.466204 0.137500 0.080556 
2 0.309375 0.408333 0.044792 0.042593 
2 0.288802 0.434259 0.025521 0.025926 
2 0.255729 0.431944 0.042708 0.043519 
2 0.223958 0.438889 0.040625 0.044444 
2 0.230729 0.406019 0.073958 0.063889 
2 0.145313 0.468981 0.171875 0.106481 
2 0.134375 0.400926 0.125000 0.116667 
2 0.031250 0.478241 0.062500 0.165741 
2 0.070573 0.438889 0.063021 0.070370 
1 0.359375 0.576852 0.166667 0.250000 
1 0.275000 0.797222 0.285417 0.401852 
1 0.541927 0.439352 0.006771 0.036111 
1 0.699219 0.450463 0.011979 0.037963 
1 0.520052 0.443056 0.005729 0.039815 
1 0.517188 0.442130 0.005208 0.036111 
1 0.511198 0.451852 0.008854 0.050000 
1 0.501563 0.449537 0.007292 0.050926 
1 0.492969 0.445833 0.006771 0.036111 
1 0.487500 0.450463 0.007292 0.049074 
