0 0.717187 0.737963 0.561458 0.483333 
0 0.069792 0.919444 0.139583 0.161111 
3 0.385156 0.294444 0.005729 0.009259 
3 0.407031 0.295833 0.005729 0.008333 
3 0.529687 0.339352 0.007292 0.012037 
3 0.530729 0.382870 0.006250 0.008333 
3 0.530729 0.403704 0.005208 0.011111 
4 0.431771 0.320370 0.004167 0.007407 
2 0.208854 0.411111 0.417708 0.814815 
2 0.446875 0.468981 0.094792 0.082407 
2 0.534635 0.470370 0.072396 0.055556 
2 0.419792 0.424074 0.009375 0.011111 
2 0.443229 0.424537 0.008333 0.010185 
2 0.794271 0.483333 0.118750 0.079630 
2 0.865625 0.480556 0.148958 0.083333 
2 0.981250 0.506944 0.036458 0.054630 
1 0.912500 0.568519 0.110417 0.192593 
1 0.259375 0.777778 0.297917 0.444444 
1 0.589583 0.455556 0.008333 0.037037 
1 0.614844 0.461111 0.011979 0.053704 
1 0.546875 0.436574 0.007292 0.013889 
1 0.505990 0.444907 0.004687 0.032407 
1 0.508594 0.439352 0.003646 0.010185 
1 0.490365 0.441667 0.007812 0.025926 
1 0.496875 0.456019 0.010417 0.037963 
