0 0.708073 0.740278 0.576562 0.482407 
0 0.090365 0.887037 0.180729 0.216667 
0 0.322917 0.483333 0.016667 0.014815 
0 0.144010 0.489352 0.026562 0.012037 
3 0.381250 0.294907 0.006250 0.010185 
3 0.402604 0.296759 0.007292 0.012037 
3 0.526302 0.342130 0.006771 0.013889 
3 0.525260 0.385185 0.006771 0.012963 
3 0.525000 0.407407 0.007292 0.009259 
4 0.427083 0.322222 0.007292 0.007407 
2 0.916667 0.493519 0.154167 0.105556 
2 0.689063 0.557407 0.232292 0.185185 
2 0.594271 0.477778 0.103125 0.074074 
2 0.432812 0.489815 0.203125 0.131481 
2 0.231771 0.475000 0.167708 0.094444 
2 0.123698 0.576852 0.247396 0.348148 
2 0.307292 0.419907 0.045833 0.049074 
2 0.221354 0.410185 0.055208 0.048148 
2 0.211458 0.450000 0.034375 0.042593 
2 0.171094 0.442130 0.052604 0.049074 
2 0.254427 0.437037 0.048438 0.040741 
2 0.284635 0.439352 0.031771 0.021296 
2 0.132031 0.406019 0.125521 0.121296 
1 0.565625 0.547222 0.091667 0.179630 
1 0.257812 0.783333 0.309375 0.422222 
