0 0.704948 0.740741 0.576562 0.496296 
0 0.073958 0.897222 0.143750 0.205556 
0 0.387240 0.485185 0.021354 0.011111 
3 0.381250 0.293981 0.005208 0.012037 
3 0.404687 0.295833 0.005208 0.008333 
3 0.526563 0.341204 0.008333 0.012037 
3 0.526823 0.383796 0.005729 0.010185 
3 0.526302 0.406019 0.004687 0.008333 
4 0.427344 0.319907 0.005729 0.008333 
2 0.837500 0.537037 0.227083 0.137037 
2 0.988542 0.489352 0.022917 0.071296 
2 0.930208 0.470370 0.096875 0.059259 
2 0.829948 0.461574 0.094271 0.052778 
2 0.725260 0.493519 0.132812 0.098148 
2 0.463281 0.477315 0.132812 0.080556 
2 0.434115 0.451389 0.032813 0.034259 
2 0.455729 0.438889 0.015625 0.014815 
2 0.222135 0.570833 0.409896 0.323148 
2 0.341667 0.464815 0.070833 0.094444 
2 0.046354 0.437037 0.050000 0.040741 
2 0.039844 0.475463 0.079687 0.095370 
2 0.016667 0.440278 0.033333 0.045370 
2 0.132031 0.387500 0.125521 0.089815 
2 0.237240 0.400926 0.082812 0.033333 
2 0.311458 0.406481 0.040625 0.033333 
2 0.388021 0.423611 0.019792 0.017593 
2 0.424740 0.425926 0.014063 0.012963 
2 0.411458 0.431019 0.008333 0.004630 
1 0.784375 0.521759 0.061458 0.112037 
1 0.642448 0.468519 0.016146 0.048148 
1 0.562500 0.444907 0.009375 0.030556 
1 0.542188 0.450463 0.005208 0.041667 
1 0.513281 0.445370 0.006771 0.018519 
1 0.504427 0.439815 0.006771 0.014815 
1 0.260156 0.792593 0.300521 0.405556 
