0 0.076563 0.893519 0.153125 0.212963 
0 0.708854 0.750926 0.582292 0.479630 
0 0.230208 0.485185 0.064583 0.014815 
3 0.382812 0.294907 0.005208 0.008333 
3 0.404687 0.295833 0.006250 0.008333 
3 0.527865 0.340741 0.006771 0.011111 
3 0.528646 0.384259 0.007292 0.011111 
3 0.528385 0.405093 0.005729 0.010185 
4 0.428906 0.320370 0.004687 0.009259 
2 0.938021 0.531019 0.122917 0.128704 
2 0.919792 0.470833 0.160417 0.106481 
2 0.817969 0.471759 0.095312 0.071296 
2 0.693229 0.480556 0.113542 0.092593 
2 0.599740 0.499074 0.147396 0.101852 
2 0.429688 0.546296 0.291667 0.250000 
2 0.288542 0.477778 0.053125 0.055556 
2 0.309896 0.419907 0.050000 0.054630 
2 0.289323 0.443519 0.029687 0.029630 
2 0.257812 0.432870 0.042708 0.037963 
2 0.219271 0.447685 0.051042 0.041667 
2 0.218229 0.430556 0.034375 0.027778 
2 0.233594 0.409722 0.075521 0.054630 
2 0.186198 0.437037 0.028646 0.029630 
2 0.133333 0.405556 0.122917 0.114815 
2 0.100521 0.488426 0.201042 0.152778 
2 0.024219 0.441667 0.048438 0.042593 
1 0.952344 0.516667 0.056771 0.107407 
1 0.563021 0.444907 0.006250 0.028704 
1 0.542969 0.454630 0.006771 0.048148 
1 0.512500 0.449537 0.008333 0.041667 
1 0.507552 0.443981 0.005729 0.015741 
1 0.503125 0.438426 0.005208 0.015741 
1 0.258594 0.788889 0.311979 0.418519 
