0 0.081771 0.896296 0.163542 0.207407 
0 0.707292 0.737037 0.579167 0.511111 
0 0.305990 0.487963 0.083854 0.012963 
0 0.051823 0.485648 0.103646 0.017593 
3 0.384375 0.297222 0.005208 0.007407 
3 0.406250 0.297222 0.005208 0.009259 
3 0.528385 0.342593 0.008854 0.012963 
3 0.528906 0.386111 0.005729 0.011111 
3 0.528646 0.406481 0.005208 0.009259 
4 0.429948 0.322222 0.005729 0.009259 
2 0.964583 0.500000 0.067708 0.088889 
2 0.788542 0.474074 0.168750 0.116667 
2 0.712240 0.468981 0.064062 0.060185 
2 0.583073 0.522222 0.244271 0.187037 
2 0.408333 0.500463 0.165625 0.113889 
2 0.452865 0.443056 0.047396 0.023148 
2 0.473958 0.438889 0.031250 0.016667 
2 0.421875 0.428241 0.015625 0.015741 
2 0.382292 0.427778 0.021875 0.022222 
2 0.348958 0.436574 0.016667 0.015741 
2 0.310937 0.420833 0.045833 0.047222 
2 0.291406 0.440278 0.026562 0.025000 
2 0.258594 0.437037 0.038021 0.033333 
2 0.233854 0.412963 0.073958 0.042593 
2 0.226562 0.436574 0.022917 0.019444 
2 0.184375 0.472222 0.160417 0.085185 
2 0.134896 0.403241 0.125000 0.110185 
2 0.052344 0.447685 0.054688 0.049074 
2 0.021354 0.444907 0.042708 0.045370 
2 0.001823 0.511111 0.003646 0.072222 
1 0.260937 0.788889 0.309375 0.422222 
