0 0.077865 0.895370 0.151562 0.203704 
0 0.710677 0.765741 0.571354 0.446296 
0 0.410938 0.496759 0.169792 0.019444 
0 0.046094 0.495833 0.092188 0.013889 
3 0.389323 0.307407 0.005729 0.009259 
3 0.411198 0.309259 0.005729 0.009259 
4 0.436198 0.332870 0.005729 0.008333 
2 0.744271 0.446296 0.509375 0.362963 
2 0.469271 0.452778 0.014583 0.016667 
2 0.423698 0.463889 0.028646 0.042593 
2 0.316146 0.434259 0.046875 0.051852 
2 0.401302 0.436574 0.020313 0.017593 
2 0.353646 0.438889 0.026042 0.025926 
2 0.356250 0.450000 0.014583 0.016667 
2 0.237240 0.494907 0.204687 0.128704 
2 0.241927 0.422222 0.075521 0.046296 
2 0.179948 0.458796 0.051562 0.039815 
2 0.141667 0.418519 0.123958 0.114815 
2 0.057813 0.460185 0.050000 0.048148 
2 0.023698 0.453704 0.046354 0.042593 
1 0.116927 0.498148 0.051562 0.122222 
1 0.494010 0.464352 0.008854 0.037963 
1 0.263542 0.794444 0.312500 0.407407 
