0 0.715625 0.749074 0.568750 0.501852 
0 0.089583 0.904630 0.177083 0.183333 
0 0.360156 0.495833 0.303646 0.010185 
0 0.158594 0.493056 0.020313 0.010185 
3 0.388281 0.304630 0.005729 0.007407 
3 0.410417 0.306481 0.005208 0.009259 
3 0.532552 0.350926 0.008854 0.012963 
3 0.533594 0.393981 0.004687 0.008333 
3 0.533854 0.413426 0.005208 0.010185 
2 0.852083 0.465741 0.295833 0.314815 
2 0.470052 0.448611 0.011979 0.015741 
2 0.429688 0.458333 0.028125 0.031481 
2 0.396875 0.435185 0.021875 0.018519 
2 0.353646 0.444907 0.015625 0.015741 
2 0.350000 0.432870 0.023958 0.019444 
2 0.316146 0.430556 0.044792 0.046296 
2 0.295833 0.451852 0.027083 0.024074 
2 0.263542 0.446296 0.039583 0.038889 
2 0.227604 0.456944 0.051042 0.039815 
2 0.225260 0.419444 0.049479 0.042593 
2 0.179167 0.452778 0.053125 0.040741 
2 0.141927 0.414352 0.121354 0.112037 
2 0.076042 0.481944 0.152083 0.112037 
2 0.140104 0.623611 0.280208 0.317593 
1 0.664062 0.473148 0.011458 0.046296 
1 0.583073 0.471759 0.014063 0.043519 
1 0.577083 0.454167 0.006250 0.036111 
1 0.567448 0.456944 0.007812 0.039815 
1 0.561458 0.462500 0.004167 0.034259 
1 0.549479 0.465741 0.008333 0.050000 
1 0.540885 0.467130 0.006771 0.047222 
1 0.515885 0.468981 0.009896 0.050926 
1 0.502083 0.468519 0.009375 0.044444 
1 0.492188 0.466204 0.008333 0.043519 
1 0.513021 0.447222 0.005208 0.012963 
1 0.528646 0.465278 0.005208 0.019444 
1 0.189583 0.481019 0.047917 0.086111 
1 0.269010 0.794907 0.302604 0.406481 
