0 0.607812 0.737037 0.356250 0.496296 
0 0.073958 0.900000 0.147917 0.192593 
0 0.086458 0.493519 0.172917 0.018519 
0 0.429688 0.488889 0.098958 0.014815 
3 0.388802 0.302778 0.005729 0.009259 
3 0.410677 0.304167 0.005729 0.008333 
3 0.531771 0.348611 0.007292 0.012037 
3 0.532552 0.391667 0.007812 0.012963 
3 0.533594 0.412963 0.005729 0.012963 
4 0.434115 0.327315 0.005729 0.008333 
2 0.952604 0.469444 0.090625 0.279630 
2 0.471875 0.445370 0.012500 0.012963 
2 0.480990 0.441204 0.007812 0.008333 
2 0.489063 0.442130 0.006250 0.006481 
2 0.436979 0.454167 0.025000 0.028704 
2 0.392708 0.433333 0.023958 0.020370 
2 0.374479 0.440741 0.011458 0.009259 
2 0.348438 0.433796 0.021875 0.026852 
2 0.352604 0.443981 0.015625 0.019444 
2 0.315365 0.422222 0.044271 0.037037 
2 0.263542 0.439815 0.040625 0.033333 
2 0.228646 0.416204 0.052083 0.043519 
2 0.221094 0.450463 0.041146 0.041667 
2 0.178646 0.451389 0.052083 0.037963 
2 0.140885 0.415741 0.121354 0.114815 
2 0.059635 0.450463 0.057813 0.045370 
2 0.022396 0.450463 0.044792 0.043519 
2 0.284115 0.596296 0.393229 0.274074 
1 0.265625 0.794444 0.304167 0.407407 
1 0.664062 0.476389 0.014583 0.058333 
1 0.594010 0.467593 0.010937 0.055556 
1 0.588542 0.450926 0.008333 0.027778 
1 0.580208 0.465741 0.011458 0.059259 
1 0.548438 0.462037 0.007292 0.046296 
1 0.542969 0.469444 0.008854 0.050000 
1 0.514844 0.463426 0.008854 0.043519 
1 0.517448 0.453704 0.009896 0.035185 
1 0.495312 0.471759 0.011458 0.056481 
1 0.494010 0.447222 0.004687 0.016667 
